time,right_j0,right_j1,right_j2,right_j3,right_j4,right_j5,right_j6,right_gripper
0.247347,0.0122451171875,-0.862311523437,0.0003310546875,2.09390625,-0.0043623046875,-0.02715625,0.011138671875,0.0401345884413
0.247467,0.0122451171875,-0.862311523437,0.0003310546875,2.09390625,-0.0043623046875,-0.02715625,0.011138671875,0.0401345884413
0.257542,0.0121416015625,-0.862311523437,0.0003310546875,2.09376171875,-0.0043623046875,-0.0273623046875,0.011138671875,0.0401345884413
0.267555,0.0121416015625,-0.8624140625,0.0004755859375,2.0936171875,-0.00415625,-0.0273623046875,0.011138671875,0.0401345884413
0.277543,0.0120390625,-0.8624140625,0.0004755859375,2.0936171875,-0.00415625,-0.0275693359375,0.011138671875,0.0401345884413
0.287502,0.011935546875,-0.862517578125,0.0004755859375,2.09347265625,-0.0043623046875,-0.0275693359375,0.011138671875,0.0401345884413
0.297555,0.011935546875,-0.862620117187,0.0004755859375,2.09347265625,-0.0043623046875,-0.0275693359375,0.011138671875,0.0401345884413
0.307552,0.0118330078125,-0.862826171875,0.0004755859375,2.0936171875,-0.0043623046875,-0.0275693359375,0.010931640625,0.0401345884413
0.317554,0.01173046875,-0.863032226563,0.0003310546875,2.0936171875,-0.0045693359375,-0.0275693359375,0.010931640625,0.0401345884413
0.327556,0.01173046875,-0.863134765625,0.0003310546875,2.09376171875,-0.0045693359375,-0.0275693359375,0.010931640625,0.0401345884413
0.337565,0.011626953125,-0.863340820313,0.0001875,2.09376171875,-0.0045693359375,-0.0273623046875,0.010931640625,0.0401345884413
0.347602,0.011626953125,-0.863545898437,0.0001875,2.09376171875,-0.0045693359375,-0.0273623046875,0.010931640625,0.0401345884413
0.357568,0.0115244140625,-0.863751953125,4.296875e-05,2.09376171875,-0.0045693359375,-0.0273623046875,0.010931640625,0.0401345884413
0.367546,0.011421875,-0.863958007812,0.0001875,2.0936171875,-0.0043623046875,-0.0273623046875,0.010931640625,0.0401345884413
0.377560,0.0112158203125,-0.8641640625,0.0001875,2.0936171875,-0.0043623046875,-0.02715625,0.010931640625,0.0401345884413
0.387567,0.0111123046875,-0.864369140625,0.0003310546875,2.0936171875,-0.0043623046875,-0.02715625,0.010931640625,0.0401345884413
0.397650,0.011009765625,-0.864678710938,0.0003310546875,2.09347265625,-0.00415625,-0.02715625,0.010931640625,0.0401345884413
0.407559,0.0108037109375,-0.864883789062,0.0003310546875,2.09347265625,-0.00415625,-0.02715625,0.010931640625,0.0401345884413
0.417548,0.010701171875,-0.865193359375,0.0003310546875,2.09347265625,-0.00415625,-0.02694921875,0.010931640625,0.0401345884413
0.427552,0.0105986328125,-0.8653984375,0.0001875,2.09347265625,-0.00415625,-0.02694921875,0.010931640625,0.0401345884413
0.437545,0.0104951171875,-0.86570703125,0.0001875,2.09347265625,-0.00415625,-0.0267431640625,0.010931640625,0.0401345884413
0.447546,0.010283203125,-0.866016601563,0.0001875,2.0936171875,-0.00415625,-0.0265361328125,0.010931640625,0.0401345884413
0.457567,0.009974609375,-0.866221679687,0.0001875,2.0936171875,-0.003962890625,-0.026330078125,0.010931640625,0.0401345884413
0.467520,0.0097685546875,-0.866530273437,0.0001875,2.0936171875,-0.003962890625,-0.026330078125,0.010931640625,0.0401345884413
0.477555,0.0094599609375,-0.86683984375,0.0001875,2.09347265625,-0.003962890625,-0.026123046875,0.010931640625,0.0401345884413
0.487555,0.0091513671875,-0.867044921875,0.0001875,2.09347265625,-0.003755859375,-0.026123046875,0.010931640625,0.0401345884413
0.497546,0.0089453125,-0.867250976563,0.0001875,2.093328125,-0.003548828125,-0.026123046875,0.010931640625,0.0401345884413
0.507558,0.008533203125,-0.867559570312,0.0001875,2.093328125,-0.003548828125,-0.0259169921875,0.010931640625,0.0401345884413
0.517556,0.008115234375,-0.867868164063,0.0001875,2.09318457031,-0.0033427734375,-0.0259169921875,0.010931640625,0.0401345884413
0.527553,0.0077041015625,-0.86807421875,0.0001875,2.09289550781,-0.0033427734375,-0.025697265625,0.010931640625,0.0401345884413
0.537559,0.0072919921875,-0.8683828125,4.296875e-05,2.09260644531,-0.0033427734375,-0.025697265625,0.010931640625,0.0401345884413
0.547555,0.00677734375,-0.868588867187,4.296875e-05,2.09231738281,-0.0031357421875,-0.025697265625,0.010931640625,0.0401345884413
0.557551,0.006154296875,-0.868897460937,4.296875e-05,2.09188476563,-0.0031357421875,-0.025490234375,0.010931640625,0.0401345884413
0.567595,0.0055361328125,-0.869206054688,4.296875e-05,2.09145117188,-0.0031357421875,-0.025490234375,0.010931640625,0.0401345884413
0.577551,0.004712890625,-0.869514648438,4.296875e-05,2.09101855469,-0.0031357421875,-0.0252841796875,0.010931640625,0.0401345884413
0.587546,0.003986328125,-0.86982421875,4.296875e-05,2.09043164062,-0.0031357421875,-0.0250771484375,0.010931640625,0.0401345884413
0.597574,0.003060546875,-0.8701328125,4.296875e-05,2.08999902344,-0.0031357421875,-0.02487109375,0.010931640625,0.0401345884413
0.607551,0.0021337890625,-0.87044140625,4.296875e-05,2.08927734375,-0.0031357421875,-0.0246640625,0.010931640625,0.0401345884413
0.617552,0.001201171875,-0.87075,4.296875e-05,2.08869921875,-0.0031357421875,-0.0244580078125,0.010931640625,0.0401345884413
0.627558,0.000171875,-0.87105859375,4.296875e-05,2.08797753906,-0.0031357421875,-0.0242509765625,0.010931640625,0.0401345884413
0.637554,-0.00086328125,-0.8713671875,4.296875e-05,2.08740039063,-0.0033427734375,-0.0242509765625,0.010931640625,0.0401345884413
0.647544,-0.001994140625,-0.87167578125,-0.0001015625,2.08667773437,-0.0033427734375,-0.024044921875,0.010931640625,0.0401345884413
0.657546,-0.0031328125,-0.871984375,-0.0001015625,2.08595605469,-0.003548828125,-0.023837890625,0.010931640625,0.0401345884413
0.667552,-0.0044765625,-0.872190429688,-0.0001015625,2.08537890625,-0.003548828125,-0.023630859375,0.010931640625,0.0401345884413
0.677544,-0.0057119140625,-0.872396484375,4.296875e-05,2.08465722656,-0.003548828125,-0.023205078125,0.010931640625,0.0401345884413
0.687548,-0.0070556640625,-0.872602539062,-0.0001015625,2.08392578125,-0.003548828125,-0.0229990234375,0.010931640625,0.0401345884413
0.697546,-0.0083935546875,-0.872911132812,-0.0001015625,2.08334863281,-0.003548828125,-0.0225859375,0.010931640625,0.0401345884413
0.707549,-0.0098408203125,-0.873013671875,-0.0001015625,2.08262695313,-0.0033427734375,-0.0221728515625,0.010931640625,0.0401345884413
0.717554,-0.0112880859375,-0.873219726563,-0.0001015625,2.08204882813,-0.0033427734375,-0.0217587890625,0.010931640625,0.0401345884413
0.727548,-0.012728515625,-0.873322265625,-0.00024609375,2.08132714844,-0.0033427734375,-0.0211396484375,0.010931640625,0.0401345884413
0.737556,-0.014279296875,-0.873528320313,-0.0001015625,2.08075,-0.0033427734375,-0.0205068359375,0.010931640625,0.0401345884413
0.747553,-0.015931640625,-0.873631835938,-0.0001015625,2.080171875,-0.003548828125,-0.01988671875,0.010931640625,0.0401345884413
0.757552,-0.0175849609375,-0.873631835938,-0.0001015625,2.07959472656,-0.003548828125,-0.019060546875,0.010931640625,0.0401345884413
0.767551,-0.0193408203125,-0.873734375,-0.00024609375,2.07901757813,-0.003548828125,-0.018234375,0.010931640625,0.0401345884413
0.777555,-0.02108984375,-0.873734375,-0.00024609375,2.07843945313,-0.003548828125,-0.0173955078125,0.010931640625,0.0401345884413
0.787542,-0.02294921875,-0.873734375,-0.00024609375,2.07800683594,-0.003548828125,-0.01615625,0.010931640625,0.0401345884413
0.797541,-0.0249111328125,-0.873734375,-0.00024609375,2.07771777344,-0.003755859375,-0.0151103515625,0.010931640625,0.0401345884413
0.807542,-0.0268720703125,-0.873836914062,-0.00024609375,2.0774296875,-0.003548828125,-0.01387109375,0.010931640625,0.0401345884413
0.817516,-0.0290400390625,-0.873836914062,-0.00024609375,2.07713183594,-0.003548828125,-0.012412109375,0.010931640625,0.0401345884413
0.827566,-0.0311044921875,-0.873836914062,-0.00024609375,2.07698730469,-0.003548828125,-0.011171875,0.010931640625,0.0401345884413
0.837551,-0.033375,-0.873836914062,-0.00024609375,2.07684277344,-0.003548828125,-0.009712890625,0.010931640625,0.0401345884413
0.847556,-0.0356455078125,-0.873836914062,-0.00024609375,2.07669824219,-0.003548828125,-0.008267578125,0.010931640625,0.0401345884413
0.857553,-0.037916015625,-0.873836914062,-0.00024609375,2.07655371094,-0.003755859375,-0.0070146484375,0.010931640625,0.0401345884413
0.867546,-0.0402890625,-0.873836914062,-0.00024609375,2.07669824219,-0.003548828125,-0.005982421875,0.010931640625,0.0401345884413
0.877540,-0.042771484375,-0.873836914062,-0.00024609375,2.07669824219,-0.003548828125,-0.0045234375,0.010931640625,0.0401345884413
0.887541,-0.0451455078125,-0.873836914062,-0.00024609375,2.07669824219,-0.003755859375,-0.003490234375,0.010931640625,0.0401345884413
0.897538,-0.047724609375,-0.873836914062,-0.00024609375,2.07669824219,-0.003755859375,-0.00223828125,0.010931640625,0.0401345884413
0.907552,-0.0503037109375,-0.873836914062,-0.00024609375,2.07669824219,-0.003962890625,-0.001205078125,0.010931640625,0.0401345884413
0.917565,-0.0528828125,-0.873836914062,-0.00024609375,2.07684277344,-0.003962890625,-0.000171875,0.010931640625,0.0401345884413
0.927569,-0.0554677734375,-0.873836914062,-0.000390625,2.07684277344,-0.003962890625,0.001080078125,0.010931640625,0.0401345884413
0.937513,-0.058150390625,-0.873836914062,-0.000390625,2.07684277344,-0.003962890625,0.0019052734375,0.010931640625,0.0401345884413
0.947545,-0.060935546875,-0.873836914062,-0.000390625,2.07669824219,-0.003962890625,0.002951171875,0.010931640625,0.0401345884413
0.957574,-0.0637265625,-0.873940429687,-0.000390625,2.07669824219,-0.003962890625,0.0041904296875,0.010931640625,0.0401345884413
0.967574,-0.06651171875,-0.873940429687,-0.000390625,2.07669824219,-0.003755859375,0.005236328125,0.010931640625,0.0401345884413
0.977565,-0.0693994140625,-0.873940429687,-0.000390625,2.07655371094,-0.003755859375,0.00626953125,0.010931640625,0.0401345884413
0.987555,-0.0722939453125,-0.87404296875,-0.00024609375,2.07655371094,-0.003755859375,0.0077158203125,0.010931640625,0.0401345884413
0.997552,-0.075181640625,-0.87404296875,-0.00024609375,2.07640917969,-0.003755859375,0.00876171875,0.011138671875,0.0401345884413
1.007574,-0.078171875,-0.874145507812,-0.000390625,2.07640917969,-0.003548828125,0.0100009765625,0.011138671875,0.0401345884413
1.017548,-0.081169921875,-0.874145507812,-0.00024609375,2.07640917969,-0.003755859375,0.0114599609375,0.011138671875,0.0401345884413
1.027548,-0.084263671875,-0.874249023437,-0.00024609375,2.07640917969,-0.003755859375,0.01269921875,0.011138671875,0.0401345884413
1.037551,-0.08736328125,-0.8743515625,-0.00024609375,2.076265625,-0.003962890625,0.014158203125,0.011138671875,0.0401345884413
1.047563,-0.09045703125,-0.874557617188,-0.00024609375,2.07612109375,-0.003962890625,0.0153974609375,0.011138671875,0.0401345884413
1.057573,-0.09366015625,-0.87466015625,-0.00024609375,2.07612109375,-0.003962890625,0.0166494140625,0.011138671875,0.0401345884413
1.067554,-0.0969599609375,-0.874866210938,-0.000390625,2.07612109375,-0.003755859375,0.0178896484375,0.011138671875,0.0401345884413
1.077574,-0.100362304688,-0.875072265625,-0.000390625,2.0759765625,-0.003755859375,0.0193486328125,0.011138671875,0.0401345884413
1.087548,-0.103661132813,-0.875278320312,-0.000390625,2.0759765625,-0.003755859375,0.020380859375,0.011138671875,0.0401345884413
1.097594,-0.107172851563,-0.875483398438,-0.000390625,2.0759765625,-0.003755859375,0.0216337890625,0.011138671875,0.0401345884413
1.107536,-0.11058203125,-0.875689453125,-0.000390625,2.0759765625,-0.003962890625,0.0230791015625,0.011138671875,0.0401345884413
1.117550,-0.114190429687,-0.875998046875,-0.000390625,2.0759765625,-0.003962890625,0.024125,0.011138671875,0.0401345884413
1.127566,-0.117702148438,-0.876204101562,-0.000390625,2.0759765625,-0.003962890625,0.0253642578125,0.011138671875,0.0401345884413
1.137579,-0.12120703125,-0.876512695312,-0.000390625,2.07583203125,-0.003962890625,0.0268232421875,0.011138671875,0.0401345884413
1.147551,-0.124918945313,-0.876821289063,-0.000390625,2.0759765625,-0.003962890625,0.0280634765625,0.011138671875,0.0401345884413
1.157593,-0.128635742188,-0.877129882813,-0.000390625,2.0759765625,-0.003962890625,0.0293154296875,0.011138671875,0.0401345884413
1.167576,-0.132353515625,-0.877439453125,-0.000390625,2.0759765625,-0.00415625,0.03076171875,0.011138671875,0.0401345884413
1.177551,-0.136071289062,-0.877748046875,-0.000390625,2.0759765625,-0.003962890625,0.031587890625,0.011138671875,0.0401345884413
1.187559,-0.139891601562,-0.878056640625,-0.00053515625,2.0759765625,-0.003962890625,0.0326337890625,0.011138671875,0.0401345884413
1.197577,-0.143706054688,-0.878467773438,-0.00053515625,2.0759765625,-0.003962890625,0.033666015625,0.011138671875,0.0401345884413
1.207552,-0.147732421875,-0.878879882812,-0.00053515625,2.07583203125,-0.003962890625,0.0342861328125,0.011138671875,0.0401345884413
1.217544,-0.151655273437,-0.879188476562,-0.00053515625,2.07583203125,-0.003962890625,0.034505859375,0.011138671875,0.0401345884413
1.227590,-0.155579101562,-0.879599609375,-0.00053515625,2.07583203125,-0.003962890625,0.0349189453125,0.011138671875,0.0401345884413
1.237550,-0.159708007812,-0.88001171875,-0.00053515625,2.0756875,-0.003962890625,0.03533203125,0.011138671875,0.0401345884413
1.247544,-0.163836914063,-0.880526367187,-0.00053515625,2.07554296875,-0.003962890625,0.03533203125,0.011138671875,0.0401345884413
1.257569,-0.167966796875,-0.8809375,-0.00053515625,2.07539941406,-0.003755859375,0.03533203125,0.011138671875,0.0401345884413
1.267573,-0.172095703125,-0.881349609375,-0.00053515625,2.07525488281,-0.003755859375,0.03533203125,0.011138671875,0.0401345884413
1.277557,-0.176328125,-0.881864257812,-0.00053515625,2.07496582031,-0.003548828125,0.03533203125,0.011138671875,0.0401345884413
1.287551,-0.180663085937,-0.88237890625,-0.000390625,2.07482128906,-0.003548828125,0.03533203125,0.011138671875,0.0401345884413
1.297551,-0.18489453125,-0.882893554687,-0.00053515625,2.07438867187,-0.003548828125,0.0355380859375,0.011138671875,0.0401345884413
1.307554,-0.18923046875,-0.883407226563,-0.00053515625,2.07409960938,-0.003548828125,0.0355380859375,0.011138671875,0.0401345884413
1.317550,-0.193565429688,-0.883819335937,-0.00053515625,2.07366601563,-0.003755859375,0.0357451171875,0.011138671875,0.0401345884413
1.327576,-0.198002929687,-0.884327148438,-0.00053515625,2.07323339844,-0.003755859375,0.0357451171875,0.011138671875,0.0401345884413
1.337577,-0.202440429688,-0.884841796875,-0.00053515625,2.07279980469,-0.003755859375,0.0357451171875,0.011138671875,0.0401345884413
1.347556,-0.206872070312,-0.885356445313,-0.00053515625,2.0723671875,-0.003755859375,0.0357451171875,0.011138671875,0.0401345884413
1.357545,-0.211413085937,-0.88587109375,-0.00053515625,2.07179003906,-0.003962890625,0.0359521484375,0.010931640625,0.0401345884413
1.367569,-0.215954101563,-0.886385742187,-0.00053515625,2.07135644531,-0.003962890625,0.0359521484375,0.010931640625,0.0401345884413
1.377552,-0.220604492188,-0.886900390625,-0.00053515625,2.07092285156,-0.003962890625,0.036158203125,0.010931640625,0.0401345884413
1.387563,-0.225248046875,-0.887311523437,-0.00053515625,2.07033691406,-0.003962890625,0.036158203125,0.010931640625,0.0401345884413
1.397552,-0.229995117187,-0.887826171875,-0.00053515625,2.06990332031,-0.003962890625,0.036158203125,0.010931640625,0.0401345884413
1.407552,-0.234741210938,-0.888340820312,-0.00053515625,2.06947070312,-0.003962890625,0.036158203125,0.010931640625,0.0401345884413
1.417562,-0.23948828125,-0.88885546875,-0.00053515625,2.06903710937,-0.003962890625,0.036158203125,0.010931640625,0.0401345884413
1.427550,-0.244241210938,-0.889266601563,-0.0006787109375,2.06860449219,-0.003962890625,0.036365234375,0.010931640625,0.0401345884413
1.437564,-0.249193359375,-0.88978125,-0.0006787109375,2.06817089844,-0.003962890625,0.036365234375,0.010931640625,0.0401345884413
1.447554,-0.25404296875,-0.890295898438,-0.0006787109375,2.06773828125,-0.003755859375,0.036365234375,0.010931640625,0.0401345884413
1.457544,-0.259001953125,-0.890708007813,-0.0006787109375,2.0673046875,-0.003755859375,0.0365712890625,0.010931640625,0.0401345884413
1.467553,-0.264057617187,-0.89122265625,-0.0008232421875,2.06687207031,-0.003548828125,0.0365712890625,0.010931640625,0.0401345884413
1.477550,-0.269106445312,-0.891633789063,-0.0008232421875,2.06643847656,-0.003548828125,0.0365712890625,0.010931640625,0.0401345884413
1.487563,-0.274271484375,-0.892045898438,-0.0008232421875,2.06600585938,-0.0033427734375,0.0365712890625,0.010931640625,0.0401345884413
1.497554,-0.279532226562,-0.89245703125,-0.0008232421875,2.06557226563,-0.0033427734375,0.0365712890625,0.010931640625,0.0401345884413
1.507592,-0.284799804687,-0.892869140625,-0.000966796875,2.06499511719,-0.0033427734375,0.0367783203125,0.010931640625,0.0401345884413
1.517547,-0.2901640625,-0.893280273438,-0.000966796875,2.06456152344,-0.0033427734375,0.0367783203125,0.010931640625,0.0401345884413
1.527549,-0.295534179688,-0.893692382812,-0.001111328125,2.06412011719,-0.0033427734375,0.0367783203125,0.010931640625,0.0401345884413
1.537557,-0.301001953125,-0.894000976562,-0.001255859375,2.06354199219,-0.0033427734375,0.0367783203125,0.010931640625,0.0401345884413
1.547550,-0.306578125,-0.894412109375,-0.001400390625,2.063109375,-0.0033427734375,0.0367783203125,0.010931640625,0.0401345884413
1.557611,-0.312250976563,-0.894721679688,-0.001400390625,2.06253125,-0.0033427734375,0.036984375,0.010931640625,0.0401345884413
1.567570,-0.318033203125,-0.895030273437,-0.001400390625,2.06209863281,-0.0033427734375,0.036984375,0.010931640625,0.0401345884413
1.577549,-0.323912109375,-0.895338867187,-0.001400390625,2.06152050781,-0.0033427734375,0.036984375,0.010931640625,0.0401345884413
1.587551,-0.329790039062,-0.895544921875,-0.001400390625,2.06108789063,-0.0031357421875,0.036984375,0.010931640625,0.0401345884413
1.597552,-0.335880859375,-0.89575,-0.001255859375,2.06065429688,-0.0031357421875,0.0372041015625,0.010931640625,0.0401345884413
1.607542,-0.341869140625,-0.895956054687,-0.001111328125,2.06007714844,-0.0029306640625,0.03741015625,0.010931640625,0.0401345884413
1.617543,-0.347959960937,-0.896162109375,-0.001111328125,2.05964453125,-0.0029306640625,0.0376171875,0.010931640625,0.0401345884413
1.627552,-0.354154296875,-0.896264648437,-0.000966796875,2.058921875,-0.0029306640625,0.0382373046875,0.010931640625,0.0401345884413
1.637569,-0.36023828125,-0.896264648437,-0.0008232421875,2.0583359375,-0.0029306640625,0.0388564453125,0.010931640625,0.0401345884413
1.647551,-0.366432617187,-0.896264648437,-0.0008232421875,2.0577578125,-0.0029306640625,0.0394765625,0.010931640625,0.0401345884413
1.657542,-0.372625976563,-0.896162109375,-0.000966796875,2.05703613281,-0.0031357421875,0.0403154296875,0.010931640625,0.0401345884413
1.667539,-0.378916015625,-0.89605859375,-0.000966796875,2.05645898437,-0.0033427734375,0.0413486328125,0.010931640625,0.0401345884413
1.677554,-0.385212890625,-0.895956054687,-0.000966796875,2.05588085938,-0.003548828125,0.042380859375,0.010931640625,0.0401345884413
1.687544,-0.391407226562,-0.895853515625,-0.001111328125,2.05530371094,-0.003755859375,0.0436337890625,0.010931640625,0.0401345884413
1.697581,-0.397806640625,-0.89575,-0.001111328125,2.05487109375,-0.003962890625,0.0446669921875,0.010931640625,0.0401345884413
1.707556,-0.404096679688,-0.895544921875,-0.001111328125,2.0544375,-0.003962890625,0.0461259765625,0.010931640625,0.0401345884413
1.717551,-0.41049609375,-0.895544921875,-0.000966796875,2.0541484375,-0.00415625,0.0477783203125,0.010931640625,0.0401345884413
1.727552,-0.416896484375,-0.89544140625,-0.000966796875,2.05400488281,-0.0043623046875,0.049443359375,0.010931640625,0.0401345884413
1.737552,-0.4232890625,-0.89544140625,-0.0008232421875,2.05371582031,-0.0043623046875,0.0513154296875,0.010931640625,0.0401345884413
1.747541,-0.4295859375,-0.895338867187,-0.0008232421875,2.05357128906,-0.00415625,0.0538076171875,0.010931640625,0.0401345884413
1.757550,-0.4358828125,-0.895235351563,-0.0008232421875,2.05328222656,-0.00415625,0.0562998046875,0.010931640625,0.0401345884413
1.767576,-0.442172851563,-0.8951328125,-0.0008232421875,2.05328222656,-0.00415625,0.0587783203125,0.010931640625,0.0401345884413
1.777550,-0.448572265625,-0.8951328125,-0.0006787109375,2.05313769531,-0.003962890625,0.0614765625,0.010931640625,0.0401345884413
1.787549,-0.454869140625,-0.8951328125,-0.0006787109375,2.05299414063,-0.00415625,0.0641748046875,0.010931640625,0.0401345884413
1.797551,-0.461159179687,-0.8951328125,-0.0006787109375,2.05299414063,-0.00415625,0.066873046875,0.010931640625,0.0401345884413
1.807550,-0.467353515625,-0.8951328125,-0.0006787109375,2.05313769531,-0.00415625,0.0695712890625,0.010931640625,0.0401345884413
1.817516,-0.473643554688,-0.895235351563,-0.0006787109375,2.05313769531,-0.0043623046875,0.0724765625,0.010931640625,0.0401345884413
1.827570,-0.479837890625,-0.895235351563,-0.0008232421875,2.05313769531,-0.0043623046875,0.075587890625,0.010931640625,0.0401345884413
1.837556,-0.48603125,-0.895338867187,-0.000966796875,2.05328222656,-0.0045693359375,0.0787001953125,0.011138671875,0.0401345884413
1.847546,-0.492225585937,-0.89544140625,-0.000966796875,2.05328222656,-0.0045693359375,0.0816044921875,0.011138671875,0.0401345884413
1.857545,-0.49840625,-0.89544140625,-0.000966796875,2.05328222656,-0.004775390625,0.084302734375,0.011138671875,0.0401345884413
1.867550,-0.504497070313,-0.895544921875,-0.0008232421875,2.05328222656,-0.004775390625,0.087001953125,0.011138671875,0.0401345884413
1.877566,-0.510587890625,-0.895647460938,-0.0008232421875,2.05328222656,-0.004775390625,0.089287109375,0.011138671875,0.0401345884413
1.887556,-0.516569335937,-0.89575,-0.0008232421875,2.05313769531,-0.0045693359375,0.0917783203125,0.011138671875,0.0401345884413
1.897550,-0.522557617188,-0.895853515625,-0.0008232421875,2.05299414063,-0.0043623046875,0.0940634765625,0.011138671875,0.0401345884413
1.907562,-0.528641601562,-0.89605859375,-0.0008232421875,2.05284960937,-0.00415625,0.0963486328125,0.011138671875,0.0401345884413
1.917544,-0.534520507813,-0.896264648437,-0.0006787109375,2.05256054688,-0.003962890625,0.09862109375,0.011138671875,0.0401345884413
1.927542,-0.540508789062,-0.896573242188,-0.0006787109375,2.05226269531,-0.003962890625,0.100700195313,0.011138671875,0.0401345884413
1.937546,-0.546490234375,-0.896779296875,-0.0006787109375,2.05168554687,-0.00415625,0.102572265625,0.011138671875,0.0401345884413
1.947552,-0.552375,-0.897087890625,-0.0006787109375,2.05125195312,-0.00415625,0.104224609375,0.011138671875,0.0401345884413
1.957564,-0.55825390625,-0.897396484375,-0.0006787109375,2.05067480469,-0.00415625,0.105890625,0.011138671875,0.0401345884413
1.967575,-0.564036132812,-0.897706054687,-0.0006787109375,2.05024121094,-0.0043623046875,0.107129882812,0.011138671875,0.0401345884413
1.977556,-0.569805664062,-0.898014648438,-0.0006787109375,2.04951953125,-0.0043623046875,0.108588867187,0.011138671875,0.0401345884413
1.987560,-0.575478515625,-0.898323242188,-0.0006787109375,2.04879785156,-0.0045693359375,0.109828125,0.011138671875,0.0401345884413
1.997568,-0.581157226563,-0.898734375,-0.0006787109375,2.04822070313,-0.0045693359375,0.110654296875,0.011138671875,0.0401345884413
2.007602,-0.586830078125,-0.899146484375,-0.00053515625,2.04735449219,-0.0045693359375,0.111700195313,0.011138671875,0.0401345884413
2.017554,-0.592400390625,-0.899455078125,-0.00053515625,2.04663183594,-0.0045693359375,0.112733398437,0.011138671875,0.0401345884413
2.027559,-0.5979765625,-0.899866210937,-0.00053515625,2.04575683594,-0.0045693359375,0.113352539062,0.011138671875,0.0401345884413
2.037557,-0.6034375,-0.90017578125,-0.000390625,2.044890625,-0.0043623046875,0.114192382813,0.011138671875,0.0401345884413
2.047555,-0.60880078125,-0.900484375,-0.000390625,2.04387988281,-0.00415625,0.1143984375,0.011138671875,0.0401345884413
2.057562,-0.614171875,-0.90079296875,-0.000390625,2.04286914063,-0.003962890625,0.11460546875,0.011138671875,0.0401345884413
2.067546,-0.619536132812,-0.9011015625,-0.000390625,2.04171484375,-0.003755859375,0.11460546875,0.011138671875,0.0401345884413
2.077551,-0.624796875,-0.901307617187,-0.000390625,2.04040625,-0.003548828125,0.11460546875,0.011138671875,0.0401345884413
2.087551,-0.63005859375,-0.901513671875,-0.000390625,2.03896191406,-0.003548828125,0.11460546875,0.011138671875,0.0401345884413
2.097574,-0.635209960938,-0.90171875,-0.000390625,2.03751855469,-0.003755859375,0.11460546875,0.011138671875,0.0401345884413
2.107554,-0.640265625,-0.901822265625,-0.000390625,2.03578613281,-0.003962890625,0.11460546875,0.011138671875,0.0401345884413
2.117554,-0.645217773437,-0.901822265625,-0.00024609375,2.03418945313,-0.00415625,0.11460546875,0.011138671875,0.0401345884413
2.127547,-0.650170898437,-0.901822265625,-0.00024609375,2.03245605469,-0.00415625,0.114811523437,0.011138671875,0.0401345884413
2.137548,-0.655123046875,-0.90171875,-0.00024609375,2.03058007812,-0.0043623046875,0.115018554687,0.011138671875,0.0401345884413
2.147546,-0.65997265625,-0.901616210937,-0.00024609375,2.02869335938,-0.0045693359375,0.115018554687,0.011138671875,0.0401345884413
2.157540,-0.664815429687,-0.901513671875,-0.000390625,2.02681640625,-0.0045693359375,0.115224609375,0.010931640625,0.0401345884413
2.167574,-0.669665039062,-0.901307617187,-0.000390625,2.02479589844,-0.004775390625,0.115224609375,0.010931640625,0.0401345884413
2.177560,-0.674514648437,-0.9011015625,-0.000390625,2.02291015625,-0.004775390625,0.115431640625,0.010931640625,0.0401345884413
2.187553,-0.67926171875,-0.90079296875,-0.00053515625,2.02088867187,-0.004775390625,0.115637695312,0.010931640625,0.0401345884413
2.197552,-0.684111328125,-0.900484375,-0.0006787109375,2.01885839844,-0.004982421875,0.115637695312,0.010931640625,0.0401345884413
2.207554,-0.6889609375,-0.900072265625,-0.0006787109375,2.01698144531,-0.004982421875,0.115844726562,0.010931640625,0.0401345884413
2.217558,-0.693803710938,-0.899661132813,-0.0006787109375,2.01495996094,-0.004982421875,0.11605078125,0.010931640625,0.0401345884413
2.227592,-0.698543945312,-0.899249023438,-0.0006787109375,2.01307421875,-0.004982421875,0.1162578125,0.010931640625,0.0401345884413
2.237546,-0.70349609375,-0.898837890625,-0.0006787109375,2.01119726562,-0.004982421875,0.1162578125,0.010931640625,0.0401345884413
2.247564,-0.708243164062,-0.898219726563,-0.00053515625,2.0093203125,-0.004982421875,0.116463867188,0.010931640625,0.0401345884413
2.257545,-0.713092773437,-0.897706054687,-0.00053515625,2.00743457031,-0.004982421875,0.116890625,0.010931640625,0.0401345884413
2.267557,-0.717942382813,-0.897087890625,-0.00053515625,2.00570214844,-0.0051884765625,0.117096679687,0.010931640625,0.0401345884413
2.277544,-0.72278515625,-0.896470703125,-0.00053515625,2.00381640625,-0.0051884765625,0.117096679687,0.010931640625,0.0401345884413
2.287563,-0.727532226563,-0.895853515625,-0.000390625,2.00208398438,-0.0051884765625,0.117096679687,0.010931640625,0.0401345884413
2.297569,-0.732484375,-0.895235351563,-0.000390625,2.00020703125,-0.0051884765625,0.117303710937,0.010931640625,0.0401345884413
2.307567,-0.737224609375,-0.894515625,-0.000390625,1.99832128906,-0.0053955078125,0.117303710937,0.010931640625,0.0401345884413
2.317576,-0.741971679687,-0.893794921875,-0.000390625,1.99644433594,-0.0053955078125,0.117509765625,0.010931640625,0.0401345884413
2.327550,-0.746717773438,-0.89307421875,-0.000390625,1.99471191406,-0.0053955078125,0.117716796875,0.010931640625,0.0401345884413
2.337560,-0.751458007813,-0.892354492187,-0.00053515625,1.99282519531,-0.0053955078125,0.117716796875,0.010931640625,0.0401345884413
2.347570,-0.756205078125,-0.891633789063,-0.00053515625,1.99109277344,-0.0053955078125,0.117922851563,0.010931640625,0.0401345884413
2.357545,-0.760841796875,-0.8909140625,-0.00053515625,1.9893515625,-0.0053955078125,0.118129882813,0.010931640625,0.0401345884413
2.367561,-0.765588867187,-0.890193359375,-0.00053515625,1.98761914062,-0.0053955078125,0.118129882813,0.010931640625,0.0401345884413
2.377562,-0.7703359375,-0.88947265625,-0.000390625,1.98588671875,-0.0051884765625,0.1183359375,0.010931640625,0.0401345884413
2.387548,-0.77508203125,-0.88885546875,-0.00053515625,1.9842890625,-0.0051884765625,0.1183359375,0.010931640625,0.0401345884413
2.397544,-0.779712890625,-0.888134765625,-0.00053515625,1.98255664062,-0.0051884765625,0.1183359375,0.010931640625,0.0401345884413
2.407549,-0.784459960938,-0.887415039062,-0.000390625,1.98096875,-0.004982421875,0.1183359375,0.010931640625,0.0401345884413
2.417545,-0.789206054688,-0.886694335938,-0.000390625,1.97937207031,-0.004775390625,0.1183359375,0.010931640625,0.0401345884413
2.427556,-0.793953125,-0.885973632812,-0.000390625,1.97763964844,-0.004775390625,0.1183359375,0.010931640625,0.0401345884413
2.437554,-0.798693359375,-0.88525390625,-0.000390625,1.97605078125,-0.0045693359375,0.11854296875,0.010931640625,0.0401345884413
2.447583,-0.80343359375,-0.884533203125,-0.00053515625,1.97430957031,-0.0043623046875,0.11854296875,0.010931640625,0.0401345884413
2.457553,-0.808180664062,-0.883716796875,-0.00053515625,1.97272167969,-0.0043623046875,0.11875,0.010931640625,0.0401345884413
2.467577,-0.812920898438,-0.882893554687,-0.0006787109375,1.97097949219,-0.0043623046875,0.118956054688,0.010931640625,0.0401345884413
2.477544,-0.817770507813,-0.8820703125,-0.0008232421875,1.96924707031,-0.0043623046875,0.118956054688,0.010931640625,0.0401345884413
2.487552,-0.822619140625,-0.881247070313,-0.0008232421875,1.96751464844,-0.0043623046875,0.118956054688,0.010931640625,0.0401345884413
2.497547,-0.827572265625,-0.8803203125,-0.000966796875,1.96591796875,-0.0045693359375,0.118956054688,0.010931640625,0.0401345884413
2.507543,-0.83251171875,-0.87939453125,-0.001111328125,1.96418554688,-0.0045693359375,0.118956054688,0.010931640625,0.0401345884413
2.517558,-0.837567382812,-0.878467773438,-0.001111328125,1.96259765625,-0.0043623046875,0.118956054688,0.010931640625,0.0401345884413
2.527551,-0.842622070313,-0.877439453125,-0.001111328125,1.961,-0.0043623046875,0.119163085937,0.010931640625,0.0401345884413
2.537553,-0.847883789062,-0.876512695312,-0.001111328125,1.95926757812,-0.00415625,0.119163085937,0.010931640625,0.0401345884413
2.547541,-0.853041992187,-0.875483398438,-0.000966796875,1.95766992187,-0.003962890625,0.119163085937,0.010931640625,0.0401345884413
2.557540,-0.858290039063,-0.874557617188,-0.000966796875,1.9559375,-0.003755859375,0.119163085937,0.010931640625,0.0401345884413
2.567544,-0.863551757813,-0.87342578125,-0.000966796875,1.95406054688,-0.003548828125,0.119163085937,0.010931640625,0.0401345884413
2.577550,-0.868916015625,-0.872396484375,-0.000966796875,1.95231933594,-0.003548828125,0.119163085937,0.010931640625,0.0401345884413
2.587563,-0.874279296875,-0.871264648437,-0.000966796875,1.95044238281,-0.003548828125,0.119163085937,0.010931640625,0.0401345884413
2.597563,-0.879740234375,-0.870337890625,-0.001111328125,1.94870117188,-0.003755859375,0.119163085937,0.010931640625,0.0401345884413
2.607515,-0.88520703125,-0.869206054688,-0.000966796875,1.94696875,-0.003962890625,0.119369140625,0.010931640625,0.0401345884413
2.617562,-0.89066796875,-0.868176757813,-0.000966796875,1.94522753906,-0.003962890625,0.119369140625,0.010931640625,0.0401345884413
2.627551,-0.896134765625,-0.867044921875,-0.000966796875,1.94349414062,-0.00415625,0.119576171875,0.010931640625,0.0401345884413
2.637545,-0.901705078125,-0.865913085938,-0.000966796875,1.94176171875,-0.00415625,0.119576171875,0.010931640625,0.0401345884413
2.647552,-0.907268554688,-0.86478125,-0.0008232421875,1.94002050781,-0.0043623046875,0.119782226562,0.010931640625,0.0401345884413
2.657533,-0.912837890625,-0.863545898437,-0.0008232421875,1.93814355469,-0.0045693359375,0.120001953125,0.010931640625,0.0401345884413
2.667563,-0.918401367187,-0.862311523437,-0.0006787109375,1.936546875,-0.004775390625,0.120208007813,0.010931640625,0.0401345884413
2.677542,-0.923869140625,-0.861185546875,-0.0006787109375,1.93495800781,-0.004982421875,0.120208007813,0.010931640625,0.0401345884413
2.687542,-0.929329101563,-0.859951171875,-0.0006787109375,1.93337011719,-0.004982421875,0.120622070312,0.010931640625,0.0401345884413
2.697558,-0.934899414062,-0.858819335938,-0.0006787109375,1.9317734375,-0.004775390625,0.120622070312,0.010931640625,0.0401345884413
2.707541,-0.940256835937,-0.857583984375,-0.0006787109375,1.93032910156,-0.004775390625,0.120622070312,0.010931640625,0.0401345884413
2.717559,-0.94562109375,-0.856349609375,-0.0006787109375,1.92873242187,-0.0045693359375,0.120622070312,0.010931640625,0.0401345884413
2.727562,-0.951087890625,-0.8553203125,-0.0006787109375,1.92714453125,-0.0045693359375,0.120622070312,0.010931640625,0.0401345884413
2.737543,-0.956342773437,-0.854188476562,-0.00053515625,1.92584472656,-0.004775390625,0.120622070312,0.010931640625,0.0401345884413
2.747574,-0.961700195312,-0.853159179687,-0.00053515625,1.92439160156,-0.004775390625,0.120622070312,0.010931640625,0.0401345884413
2.757538,-0.966961914062,-0.852129882813,-0.00053515625,1.92309277344,-0.0045693359375,0.120828125,0.010931640625,0.0401345884413
2.767551,-0.97211328125,-0.851204101563,-0.00053515625,1.92179296875,-0.0045693359375,0.120828125,0.010931640625,0.0401345884413
2.777547,-0.977368164063,-0.85027734375,-0.00053515625,1.92048535156,-0.0043623046875,0.120828125,0.010931640625,0.0401345884413
2.787553,-0.982423828125,-0.8493515625,-0.00053515625,1.91918554688,-0.00415625,0.120828125,0.010931640625,0.0401345884413
2.797552,-0.987575195313,-0.848528320313,-0.00053515625,1.91788574219,-0.0043623046875,0.12103515625,0.010931640625,0.0401345884413
2.807555,-0.992630859375,-0.847705078125,-0.00053515625,1.916578125,-0.0045693359375,0.12103515625,0.010931640625,0.0401345884413
2.817551,-0.997577148438,-0.846881835937,-0.00053515625,1.91542285156,-0.004775390625,0.121448242187,0.010931640625,0.0401345884413
2.827555,-1.00262597656,-0.846161132813,-0.00053515625,1.91426757813,-0.004775390625,0.122067382812,0.010931640625,0.0401345884413
2.837554,-1.00746875,-0.845543945312,-0.00053515625,1.91310351563,-0.004775390625,0.1226875,0.010931640625,0.0401345884413
2.847548,-1.0123125,-0.844823242188,-0.00053515625,1.91194824219,-0.004775390625,0.12311328125,0.010931640625,0.0401345884413
2.857548,-1.01716210938,-0.844103515625,-0.00053515625,1.91079394531,-0.0045693359375,0.123939453125,0.010931640625,0.0401345884413
2.867545,-1.02200488281,-0.843485351563,-0.00053515625,1.90962988281,-0.004775390625,0.12497265625,0.010931640625,0.0401345884413
2.877571,-1.02674511719,-0.842868164062,-0.00053515625,1.90847460938,-0.004982421875,0.125798828125,0.010931640625,0.0401345884413
2.887568,-1.03148535156,-0.842250976563,-0.00053515625,1.90746386719,-0.004982421875,0.1272578125,0.010931640625,0.0401345884413
2.897557,-1.03622558594,-0.8416328125,-0.00053515625,1.906453125,-0.0051884765625,0.128497070312,0.010931640625,0.0401345884413
2.907554,-1.04086914062,-0.841015625,-0.00053515625,1.90543359375,-0.0051884765625,0.12975,0.010931640625,0.0401345884413
2.917554,-1.0455,-0.840500976563,-0.00053515625,1.90442285156,-0.0051884765625,0.13140234375,0.010931640625,0.0401345884413
2.927570,-1.05013769531,-0.839883789063,-0.00053515625,1.90341210938,-0.0051884765625,0.132861328125,0.010931640625,0.0401345884413
2.937551,-1.054671875,-0.839369140625,-0.0006787109375,1.90254589844,-0.0051884765625,0.134513671875,0.010931640625,0.0401345884413
2.947552,-1.05931542969,-0.838958007812,-0.0008232421875,1.90152636719,-0.0053955078125,0.136592773438,0.010931640625,0.0401345884413
2.957552,-1.06385058594,-0.838443359375,-0.0008232421875,1.9008046875,-0.0056025390625,0.138670898437,0.010931640625,0.0401345884413
2.967548,-1.06848144531,-0.83803125,-0.0008232421875,1.89993847656,-0.0056025390625,0.140943359375,0.010931640625,0.0401345884413
2.977551,-1.073015625,-0.837625976563,-0.0008232421875,1.89921679688,-0.0056025390625,0.143848632812,0.010931640625,0.0401345884413
2.987569,-1.07765917969,-0.83721484375,-0.0008232421875,1.89848535156,-0.0053955078125,0.14633984375,0.010931640625,0.0401345884413
2.997555,-1.08219335937,-0.836802734375,-0.0008232421875,1.89761914063,-0.0051884765625,0.1490390625,0.010931640625,0.0401345884413
3.007543,-1.08672851562,-0.836391601563,-0.0006787109375,1.89675292969,-0.004982421875,0.152150390625,0.010931640625,0.0401345884413
3.017547,-1.09125585937,-0.836083007813,-0.00053515625,1.89588671875,-0.004982421875,0.154848632812,0.010931640625,0.0401345884413
3.027594,-1.0956875,-0.835670898437,-0.000390625,1.89502050781,-0.004775390625,0.15775390625,0.010931640625,0.0401345884413
3.037591,-1.10022167969,-0.835362304687,-0.000390625,1.89400097656,-0.004775390625,0.161278320313,0.010931640625,0.0401345884413
3.047551,-1.10466015625,-0.834950195313,-0.00024609375,1.89299023438,-0.004775390625,0.164389648438,0.010931640625,0.0401345884413
3.057553,-1.10909179688,-0.8345390625,-0.00024609375,1.8918359375,-0.004775390625,0.1679140625,0.010931640625,0.0401345884413
3.067548,-1.11341308594,-0.83423046875,-0.000390625,1.89081542969,-0.004982421875,0.171439453125,0.010931640625,0.0401345884413
3.077568,-1.1177421875,-0.833818359375,-0.000390625,1.88966113281,-0.004982421875,0.17455078125,0.010931640625,0.0401345884413
3.087557,-1.12196777344,-0.833509765625,-0.00053515625,1.88836132813,-0.004982421875,0.177456054688,0.010931640625,0.0401345884413
3.097553,-1.126296875,-0.833098632812,-0.00053515625,1.88719726563,-0.004982421875,0.1807734375,0.010931640625,0.0401345884413
3.107554,-1.130625,-0.8327890625,-0.00053515625,1.8858984375,-0.004982421875,0.184091796875,0.010931640625,0.0401345884413
3.117575,-1.13484472656,-0.832583984375,-0.00053515625,1.88445410156,-0.004982421875,0.18741015625,0.010931640625,0.0401345884413
3.127526,-1.13917285156,-0.832275390625,-0.00053515625,1.88314550781,-0.0051884765625,0.190728515625,0.010931640625,0.0401345884413
3.137553,-1.14350195312,-0.831965820312,-0.0006787109375,1.88170214844,-0.0053955078125,0.19383984375,0.010931640625,0.0401345884413
3.147554,-1.14783007812,-0.831760742187,-0.0006787109375,1.88024902344,-0.0056025390625,0.196951171875,0.010931640625,0.0401345884413
3.157554,-1.15215820312,-0.831547851562,-0.0006787109375,1.87866113281,-0.0056025390625,0.2000625,0.010931640625,0.0401345884413
3.167547,-1.15648046875,-0.831342773437,-0.0006787109375,1.87736230469,-0.0056025390625,0.203173828125,0.010931640625,0.0401345884413
3.177540,-1.16091210937,-0.83113671875,-0.0006787109375,1.87576464844,-0.00580859375,0.206479492188,0.010931640625,0.0401345884413
3.187557,-1.16524121094,-0.830930664063,-0.0006787109375,1.87417675781,-0.0056025390625,0.209797851562,0.010931640625,0.0401345884413
3.197506,-1.16956933594,-0.830828125,-0.00053515625,1.87257910156,-0.0056025390625,0.212909179688,0.010931640625,0.0401345884413
3.207550,-1.17400097656,-0.830724609375,-0.00053515625,1.87099121094,-0.00580859375,0.216020507813,0.0107255859375,0.0401345884413
3.217551,-1.17822070313,-0.83051953125,-0.00053515625,1.86939453125,-0.00580859375,0.21892578125,0.0107255859375,0.0401345884413
3.227575,-1.18244628906,-0.830416015625,-0.00053515625,1.86780566406,-0.00580859375,0.221416992187,0.0107255859375,0.0401345884413
3.237549,-1.186671875,-0.830313476562,-0.00053515625,1.86620898438,-0.00580859375,0.224322265625,0.0107255859375,0.0401345884413
3.247546,-1.19089746094,-0.830107421875,-0.00053515625,1.86433203125,-0.00580859375,0.227420898437,0.0107255859375,0.0401345884413
3.257574,-1.19512304688,-0.830004882812,-0.00053515625,1.86287890625,-0.00580859375,0.229913085938,0.0107255859375,0.0401345884413
3.267556,-1.19923925781,-0.829798828125,-0.00053515625,1.86143554687,-0.00580859375,0.232611328125,0.0107255859375,0.0401345884413
3.277552,-1.20346484375,-0.829696289063,-0.00053515625,1.85969433594,-0.0056025390625,0.235309570312,0.0107255859375,0.0401345884413
3.287592,-1.20769042969,-0.829490234375,-0.00053515625,1.85810644531,-0.0056025390625,0.23758203125,0.0107255859375,0.0401345884413
3.297554,-1.2117109375,-0.829181640625,-0.00053515625,1.85650878906,-0.0056025390625,0.23966015625,0.0107255859375,0.0401345884413
3.307553,-1.2159296875,-0.828975585937,-0.0006787109375,1.85477636719,-0.0056025390625,0.242359375,0.0107255859375,0.0401345884413
3.317546,-1.22014941406,-0.82876953125,-0.0006787109375,1.85332324219,-0.0056025390625,0.244424804687,0.0107255859375,0.0401345884413
3.327542,-1.224375,-0.828563476562,-0.00053515625,1.85173535156,-0.00580859375,0.246709960938,0.0107255859375,0.0401345884413
3.337547,-1.22849707031,-0.828254882813,-0.0006787109375,1.85014746094,-0.00580859375,0.249188476563,0.0107255859375,0.0401345884413
3.347565,-1.23272363281,-0.827946289063,-0.0006787109375,1.84854980469,-0.00580859375,0.251267578125,0.0107255859375,0.0401345884413
3.357592,-1.23684570312,-0.827637695312,-0.0006787109375,1.84710644531,-0.00580859375,0.253126953125,0.0107255859375,0.0401345884413
3.367559,-1.24096191406,-0.827329101562,-0.0006787109375,1.84550976562,-0.00580859375,0.255618164062,0.0107255859375,0.0401345884413
3.377561,-1.24497558594,-0.826916992188,-0.0006787109375,1.84377636719,-0.00580859375,0.257284179688,0.0107255859375,0.0401345884413
3.387544,-1.24909863281,-0.82640234375,-0.0006787109375,1.8421796875,-0.00580859375,0.2585234375,0.0107255859375,0.0401345884413
3.397540,-1.25322167969,-0.825888671875,-0.00053515625,1.84059179688,-0.0056025390625,0.26017578125,0.0107255859375,0.0401345884413
3.407545,-1.25713867187,-0.825270507812,-0.00053515625,1.83899414063,-0.0056025390625,0.261428710937,0.0107255859375,0.0401345884413
3.417543,-1.26115136719,-0.824653320313,-0.00053515625,1.83740625,-0.0053955078125,0.2624609375,0.0107255859375,0.0401345884413
3.427557,-1.26516503906,-0.824036132812,-0.000390625,1.83566503906,-0.0053955078125,0.263907226562,0.0107255859375,0.0401345884413
3.437573,-1.26908203125,-0.823315429688,-0.000390625,1.83393261719,-0.0051884765625,0.265159179688,0.0107255859375,0.0401345884413
3.447545,-1.27289648437,-0.8224921875,-0.000390625,1.83219042969,-0.0051884765625,0.265986328125,0.0107255859375,0.0401345884413
3.457548,-1.27670410156,-0.82156640625,-0.000390625,1.8303046875,-0.0051884765625,0.267225585938,0.0107255859375,0.0401345884413
3.467553,-1.28062109375,-0.820743164063,-0.000390625,1.82842773437,-0.004982421875,0.268477539062,0.0107255859375,0.0401345884413
3.477555,-1.28453125,-0.81981640625,-0.00053515625,1.82654199219,-0.004982421875,0.269303710937,0.0107255859375,0.0401345884413
3.487548,-1.28844824219,-0.818787109375,-0.0006787109375,1.82480957031,-0.004982421875,0.270336914062,0.0107255859375,0.0401345884413
3.497552,-1.29235839844,-0.817861328125,-0.0006787109375,1.82292382812,-0.0051884765625,0.271370117187,0.0107255859375,0.0401345884413
3.507552,-1.29637890625,-0.81683203125,-0.0008232421875,1.82103808594,-0.0051884765625,0.272416015625,0.0107255859375,0.0401345884413
3.517544,-1.30029589844,-0.815802734375,-0.0008232421875,1.81916113281,-0.0053955078125,0.2732421875,0.0107255859375,0.0401345884413
3.527542,-1.30430273437,-0.814670898437,-0.000966796875,1.81727539063,-0.0056025390625,0.274274414063,0.0107255859375,0.0401345884413
3.537549,-1.30832226562,-0.813642578125,-0.0008232421875,1.81554296875,-0.00580859375,0.275100585937,0.0107255859375,0.0401345884413
3.547552,-1.31234277344,-0.812715820313,-0.00053515625,1.81380078125,-0.006001953125,0.276146484375,0.0107255859375,0.0401345884413
3.557545,-1.31635546875,-0.811686523438,-0.000390625,1.81221289062,-0.006208984375,0.2771796875,0.0107255859375,0.0401345884413
3.567543,-1.32016992188,-0.8106640625,-0.000390625,1.81047167969,-0.006208984375,0.278005859375,0.0107255859375,0.0401345884413
3.577550,-1.32397753906,-0.809634765625,-0.00024609375,1.80887402344,-0.006208984375,0.2790390625,0.0107255859375,0.0401345884413
3.587552,-1.32778515625,-0.808502929688,-0.0001015625,1.80743066406,-0.006208984375,0.279865234375,0.0107255859375,0.0401345884413
3.597553,-1.33139355469,-0.807473632812,-0.00024609375,1.80598632812,-0.0064150390625,0.280704101562,0.0107255859375,0.0401345884413
3.607549,-1.33489257813,-0.806341796875,-0.00024609375,1.80453417969,-0.0064150390625,0.281737304688,0.010931640625,0.0401345884413
3.617552,-1.3385,-0.8053125,-0.00024609375,1.803234375,-0.0066220703125,0.282770507813,0.010931640625,0.0401345884413
3.627541,-1.34210253906,-0.804284179687,-0.0001015625,1.80221484375,-0.0068291015625,0.283802734375,0.010931640625,0.0401345884413
3.637547,-1.3456015625,-0.803254882813,-0.00024609375,1.80105957031,-0.00703515625,0.284848632813,0.010931640625,0.0401345884413
3.647563,-1.34899707031,-0.802328125,-0.000390625,1.80019335937,-0.0072421875,0.285881835937,0.010931640625,0.0401345884413
3.657553,-1.35250195312,-0.801299804687,-0.00053515625,1.79946289063,-0.0072421875,0.286708007812,0.010931640625,0.0401345884413
3.667542,-1.3560078125,-0.800373046875,-0.0008232421875,1.79874121094,-0.0072421875,0.287959960937,0.010931640625,0.0401345884413
3.677549,-1.35950683594,-0.799549804688,-0.0008232421875,1.79816308594,-0.0074482421875,0.289200195313,0.010931640625,0.0401345884413
3.687512,-1.36301171875,-0.7987265625,-0.000966796875,1.797875,-0.0074482421875,0.290026367188,0.010931640625,0.0401345884413
3.697551,-1.36660742187,-0.797903320312,-0.0008232421875,1.79744140625,-0.0074482421875,0.291471679687,0.010931640625,0.0401345884413
3.707555,-1.37021582031,-0.79718359375,-0.00053515625,1.797296875,-0.0074482421875,0.292930664063,0.010931640625,0.0401345884413
3.717554,-1.37361132812,-0.796565429687,-0.000390625,1.797296875,-0.0072421875,0.2937578125,0.010931640625,0.0401345884413
3.727546,-1.37701367187,-0.795845703125,-0.000390625,1.797296875,-0.0072421875,0.294997070312,0.010931640625,0.0401345884413
3.737548,-1.38041015625,-0.795227539062,-0.00053515625,1.797296875,-0.0072421875,0.29604296875,0.010931640625,0.0401345884413
3.747544,-1.383703125,-0.794610351563,-0.00053515625,1.797296875,-0.0072421875,0.297075195312,0.010931640625,0.0401345884413
3.757550,-1.38699609375,-0.793993164062,-0.00053515625,1.79744140625,-0.0072421875,0.298108398437,0.010931640625,0.0401345884413
3.767551,-1.3902890625,-0.793375976563,-0.00053515625,1.79744140625,-0.0074482421875,0.29934765625,0.010931640625,0.0401345884413
3.777556,-1.39348535156,-0.792861328125,-0.00053515625,1.79744140625,-0.0074482421875,0.3001875,0.010931640625,0.0401345884413
3.787552,-1.39677929687,-0.792346679688,-0.00053515625,1.79744140625,-0.0076552734375,0.301013671875,0.010931640625,0.0401345884413
3.797547,-1.39997558594,-0.79183203125,-0.00053515625,1.79744140625,-0.0076552734375,0.30183984375,0.010931640625,0.0401345884413
3.807570,-1.40326855469,-0.791317382812,-0.00053515625,1.79744140625,-0.007861328125,0.302666015625,0.010931640625,0.0401345884413
3.817552,-1.40634960938,-0.790802734375,-0.00053515625,1.79744140625,-0.007861328125,0.303286132812,0.010931640625,0.0401345884413
3.827554,-1.40954589844,-0.790288085937,-0.00053515625,1.79744140625,-0.0080556640625,0.304112304688,0.010931640625,0.0401345884413
3.837562,-1.4126328125,-0.789876953125,-0.000390625,1.79744140625,-0.0080556640625,0.304744140625,0.010931640625,0.0401345884413
3.847553,-1.4157265625,-0.789362304688,-0.000390625,1.79744140625,-0.00826171875,0.305364257812,0.010931640625,0.0401345884413
3.857549,-1.4187109375,-0.788950195312,-0.000390625,1.797296875,-0.00826171875,0.305984375,0.010931640625,0.0401345884413
3.867548,-1.4216953125,-0.788435546875,-0.000390625,1.797296875,-0.00846875,0.306603515625,0.010931640625,0.0401345884413
3.877549,-1.42458300781,-0.787921875,-0.000390625,1.797296875,-0.00846875,0.307223632812,0.010931640625,0.0401345884413
3.887556,-1.42745800781,-0.787509765625,-0.00053515625,1.797296875,-0.00846875,0.307842773437,0.010931640625,0.0401345884413
3.897552,-1.43023730469,-0.78709765625,-0.00053515625,1.797296875,-0.0086748046875,0.308475585938,0.010931640625,0.0401345884413
3.907554,-1.43302148437,-0.786583984375,-0.0006787109375,1.797296875,-0.0086748046875,0.309095703125,0.010931640625,0.0401345884413
3.917552,-1.43580078125,-0.786069335937,-0.0008232421875,1.797296875,-0.0088818359375,0.309508789063,0.010931640625,0.0401345884413
3.927543,-1.43857910156,-0.7855546875,-0.000966796875,1.797296875,-0.009087890625,0.31012890625,0.010931640625,0.0401345884413
3.937542,-1.44146679687,-0.785040039062,-0.000966796875,1.797296875,-0.0095009765625,0.310541992188,0.010931640625,0.0401345884413
3.947551,-1.44434863281,-0.784525390625,-0.000966796875,1.797296875,-0.0095009765625,0.311161132813,0.010931640625,0.0401345884413
3.957551,-1.44722363281,-0.783908203125,-0.0008232421875,1.79744140625,-0.0097080078125,0.311987304688,0.010931640625,0.0401345884413
3.967554,-1.45010449219,-0.783290039063,-0.0006787109375,1.79744140625,-0.0097080078125,0.312400390625,0.010931640625,0.0401345884413
3.977545,-1.4529921875,-0.7825703125,-0.0006787109375,1.797296875,-0.0097080078125,0.312827148437,0.010931640625,0.0401345884413
3.987544,-1.45587402344,-0.781849609375,-0.0006787109375,1.79715234375,-0.0097080078125,0.313240234375,0.010931640625,0.0401345884413
3.997546,-1.45875585938,-0.781026367187,-0.0006787109375,1.79700878906,-0.0095009765625,0.313446289062,0.010931640625,0.0401345884413
4.007554,-1.46164355469,-0.780306640625,-0.0006787109375,1.79700878906,-0.0095009765625,0.313859375,0.010931640625,0.0401345884413
4.017545,-1.46452441406,-0.779591796875,-0.0008232421875,1.79700878906,-0.0097080078125,0.314272460937,0.010931640625,0.0401345884413
4.027543,-1.46750292969,-0.778768554687,-0.0008232421875,1.79700878906,-0.0099013671875,0.314685546875,0.010931640625,0.0401345884413
4.037539,-1.47048730469,-0.778048828125,-0.0008232421875,1.79715234375,-0.0101083984375,0.314892578125,0.010931640625,0.0401345884413
4.047549,-1.47347753906,-0.777328125,-0.0008232421875,1.79744140625,-0.010521484375,0.315099609375,0.010931640625,0.0401345884413
4.057560,-1.47646191406,-0.77640234375,-0.0008232421875,1.7975859375,-0.0107275390625,0.315512695312,0.010931640625,0.0401345884413
4.067610,-1.47934375,-0.775579101562,-0.0008232421875,1.79773046875,-0.0109345703125,0.31571875,0.010931640625,0.0401345884413
4.077553,-1.48233398438,-0.774549804688,-0.0008232421875,1.79773046875,-0.011140625,0.31571875,0.010931640625,0.0401345884413
4.087549,-1.48521582031,-0.773520507813,-0.0008232421875,1.79773046875,-0.011140625,0.31571875,0.010931640625,0.0401345884413
4.097541,-1.48809765625,-0.772491210937,-0.0006787109375,1.79773046875,-0.011140625,0.31571875,0.010931640625,0.0401345884413
4.107553,-1.49097851562,-0.771462890625,-0.0006787109375,1.7975859375,-0.011140625,0.31571875,0.010931640625,0.0401345884413
4.117552,-1.49386621094,-0.770330078125,-0.0006787109375,1.79744140625,-0.011140625,0.31592578125,0.010931640625,0.0401345884413
4.127544,-1.49664550781,-0.769198242187,-0.0006787109375,1.79744140625,-0.0109345703125,0.31592578125,0.010931640625,0.0401345884413
4.137538,-1.49942382813,-0.768067382812,-0.0006787109375,1.797296875,-0.010521484375,0.31592578125,0.010931640625,0.0401345884413
4.147554,-1.5023046875,-0.766935546875,-0.0008232421875,1.79715234375,-0.010521484375,0.31592578125,0.010931640625,0.0401345884413
4.157560,-1.50508398437,-0.765803710937,-0.0008232421875,1.79715234375,-0.010521484375,0.31592578125,0.010931640625,0.0401345884413
4.167553,-1.50807421875,-0.764671875,-0.0006787109375,1.79715234375,-0.010521484375,0.316131835937,0.010931640625,0.0401345884413
4.177509,-1.51094921875,-0.7635390625,-0.0006787109375,1.79715234375,-0.010521484375,0.316131835937,0.010931640625,0.0401345884413
4.187556,-1.51383105469,-0.762407226563,-0.0006787109375,1.797296875,-0.010521484375,0.316338867187,0.010931640625,0.0401345884413
4.197542,-1.51681542969,-0.761377929687,-0.0006787109375,1.797296875,-0.0107275390625,0.316544921875,0.010931640625,0.0401345884413
4.207556,-1.519703125,-0.76024609375,-0.0006787109375,1.79744140625,-0.0107275390625,0.316544921875,0.010931640625,0.0401345884413
4.217555,-1.52258496094,-0.759217773437,-0.0008232421875,1.797296875,-0.0107275390625,0.316544921875,0.010931640625,0.0401345884413
4.227545,-1.52546582031,-0.758084960937,-0.0008232421875,1.797296875,-0.0107275390625,0.316751953125,0.010931640625,0.0401345884413
4.237561,-1.52855371094,-0.757056640625,-0.0008232421875,1.797296875,-0.0107275390625,0.316751953125,0.010931640625,0.0401345884413
4.247542,-1.53153125,-0.756129882813,-0.0008232421875,1.797296875,-0.0109345703125,0.316971679688,0.010931640625,0.0401345884413
4.257566,-1.53452246094,-0.755100585937,-0.0008232421875,1.797296875,-0.011140625,0.317177734375,0.010931640625,0.0401345884413
4.267558,-1.537609375,-0.754174804687,-0.0008232421875,1.79744140625,-0.01134765625,0.317384765625,0.010931640625,0.0401345884413
4.277567,-1.54069628906,-0.753249023437,-0.0008232421875,1.7975859375,-0.0115537109375,0.317797851563,0.010931640625,0.0401345884413
4.287562,-1.54368066406,-0.752322265625,-0.0008232421875,1.79773046875,-0.011748046875,0.317797851563,0.010931640625,0.0401345884413
4.297558,-1.54666503906,-0.75129296875,-0.0008232421875,1.797875,-0.011748046875,0.31800390625,0.010931640625,0.0401345884413
4.307550,-1.549546875,-0.750264648437,-0.000966796875,1.797875,-0.0119541015625,0.3182109375,0.010931640625,0.0401345884413
4.317556,-1.55263378906,-0.749337890625,-0.001111328125,1.797875,-0.0119541015625,0.318416992188,0.010931640625,0.0401345884413
4.327551,-1.55582421875,-0.74830859375,-0.001111328125,1.797875,-0.0121611328125,0.318830078125,0.010931640625,0.0401345884413
4.337546,-1.55891113281,-0.747280273438,-0.001111328125,1.797875,-0.0121611328125,0.319243164062,0.010931640625,0.0401345884413
4.347545,-1.56199902344,-0.746250976562,-0.001111328125,1.797875,-0.0121611328125,0.31986328125,0.010931640625,0.0401345884413
4.357564,-1.5650859375,-0.745221679687,-0.001111328125,1.79773046875,-0.0119541015625,0.320276367188,0.010931640625,0.0401345884413
4.367558,-1.5681796875,-0.74408984375,-0.000966796875,1.79773046875,-0.0119541015625,0.320689453125,0.010931640625,0.0401345884413
4.377547,-1.57126074219,-0.742854492187,-0.0008232421875,1.7975859375,-0.011748046875,0.321322265625,0.010931640625,0.0401345884413
4.387552,-1.57434765625,-0.741729492187,-0.0008232421875,1.79744140625,-0.0115537109375,0.3221484375,0.010931640625,0.0401345884413
4.397558,-1.57743457031,-0.740494140625,-0.0008232421875,1.79744140625,-0.01134765625,0.322768554687,0.010931640625,0.0401345884413
4.407543,-1.580625,-0.73915625,-0.0006787109375,1.797296875,-0.0109345703125,0.323387695313,0.010931640625,0.0401345884413
4.417541,-1.58371191406,-0.737921875,-0.0006787109375,1.797296875,-0.0107275390625,0.3240078125,0.010931640625,0.0401345884413
4.427541,-1.58679980469,-0.736686523437,-0.0006787109375,1.797296875,-0.010521484375,0.324626953125,0.010931640625,0.0401345884413
4.437554,-1.58998925781,-0.735348632812,-0.0006787109375,1.79715234375,-0.010314453125,0.325466796875,0.010931640625,0.0401345884413
4.447552,-1.59307714844,-0.734114257812,-0.00053515625,1.79715234375,-0.0099013671875,0.32629296875,0.010931640625,0.0401345884413
4.457559,-1.5961640625,-0.73287890625,-0.00053515625,1.79700878906,-0.0095009765625,0.327119140625,0.010931640625,0.0401345884413
4.467543,-1.59925195313,-0.73164453125,-0.00053515625,1.79715234375,-0.009294921875,0.3279453125,0.010931640625,0.0401345884413
4.477565,-1.60223632813,-0.730409179687,-0.000390625,1.79715234375,-0.0088818359375,0.328771484375,0.010931640625,0.0401345884413
4.487551,-1.60532324219,-0.729174804687,-0.000390625,1.79715234375,-0.0086748046875,0.3298046875,0.010931640625,0.0401345884413
4.497549,-1.60820410156,-0.727939453125,-0.000390625,1.797296875,-0.0086748046875,0.3304375,0.010931640625,0.0401345884413
4.507545,-1.61107910156,-0.726705078125,-0.00053515625,1.797296875,-0.0086748046875,0.331263671875,0.010931640625,0.0401345884413
4.517546,-1.6139609375,-0.725469726562,-0.00053515625,1.797296875,-0.0088818359375,0.332296875,0.010931640625,0.0401345884413
4.527546,-1.61673925781,-0.724234375,-0.00053515625,1.79744140625,-0.009087890625,0.333123046875,0.010931640625,0.0401345884413
4.537554,-1.61951757812,-0.723,-0.00053515625,1.7975859375,-0.009087890625,0.334155273438,0.010931640625,0.0401345884413
4.547540,-1.62230273438,-0.721764648437,-0.0006787109375,1.79773046875,-0.009087890625,0.335201171875,0.010931640625,0.0401345884413
4.557538,-1.62497851563,-0.720530273437,-0.0006787109375,1.79773046875,-0.009087890625,0.33602734375,0.010931640625,0.0401345884413
4.567547,-1.62755175781,-0.719294921875,-0.0006787109375,1.79773046875,-0.0088818359375,0.336854492188,0.010931640625,0.0401345884413
4.577552,-1.6302265625,-0.71795703125,-0.00053515625,1.7975859375,-0.0088818359375,0.337473632812,0.010931640625,0.0401345884413
4.587566,-1.63279296875,-0.716825195312,-0.00053515625,1.79744140625,-0.0086748046875,0.33809375,0.010931640625,0.0401345884413
4.597553,-1.63546875,-0.715590820312,-0.000390625,1.797296875,-0.00846875,0.338932617188,0.010931640625,0.0401345884413
4.607568,-1.63793847656,-0.714561523438,-0.00024609375,1.797296875,-0.00826171875,0.339345703125,0.010931640625,0.0401345884413
4.617545,-1.64051171875,-0.713532226563,-0.0001015625,1.79715234375,-0.00826171875,0.339552734375,0.010931640625,0.0401345884413
4.627555,-1.64298144531,-0.712502929687,-0.0001015625,1.79715234375,-0.0080556640625,0.339758789063,0.010931640625,0.0401345884413
4.637556,-1.64534765625,-0.711474609375,-0.0001015625,1.79700878906,-0.0080556640625,0.339758789063,0.010931640625,0.0401345884413
4.647548,-1.64761230469,-0.7104453125,-0.00024609375,1.79700878906,-0.00826171875,0.339758789063,0.010931640625,0.0401345884413
4.657543,-1.64997949219,-0.709416015625,-0.00024609375,1.79700878906,-0.00826171875,0.339758789063,0.010931640625,0.0401345884413
4.667543,-1.65223632813,-0.708490234375,-0.00024609375,1.79700878906,-0.00826171875,0.339965820312,0.010931640625,0.0401345884413
4.677542,-1.65450097656,-0.707563476562,-0.00024609375,1.79715234375,-0.00846875,0.340171875,0.010931640625,0.0401345884413
4.687545,-1.65666210938,-0.706630859375,-0.00024609375,1.79715234375,-0.0086748046875,0.340171875,0.010931640625,0.0401345884413
4.697574,-1.65892578125,-0.705705078125,-0.000390625,1.797296875,-0.0088818359375,0.340171875,0.010931640625,0.0401345884413
4.707557,-1.66108691406,-0.704778320312,-0.000390625,1.79744140625,-0.009087890625,0.34037890625,0.010931640625,0.0401345884413
4.717587,-1.66324804687,-0.70375,-0.00053515625,1.7975859375,-0.009087890625,0.340584960938,0.010931640625,0.0401345884413
4.727542,-1.66540917969,-0.702720703125,-0.00053515625,1.7975859375,-0.009087890625,0.340584960938,0.010931640625,0.0401345884413
4.737541,-1.66746679688,-0.701588867188,-0.00053515625,1.7975859375,-0.009087890625,0.340584960938,0.010931640625,0.0401345884413
4.747559,-1.66973144531,-0.700456054688,-0.00053515625,1.7975859375,-0.009294921875,0.340584960938,0.010931640625,0.0401345884413
4.757555,-1.67189257813,-0.69932421875,-0.0006787109375,1.79744140625,-0.0095009765625,0.340791992188,0.010931640625,0.0401345884413
4.767556,-1.67394433594,-0.697986328125,-0.0006787109375,1.79744140625,-0.0097080078125,0.340791992188,0.010931640625,0.0401345884413
4.777571,-1.67610449219,-0.6966484375,-0.0008232421875,1.7975859375,-0.0097080078125,0.340998046875,0.010931640625,0.0401345884413
4.787560,-1.678265625,-0.695208007813,-0.0008232421875,1.7975859375,-0.0099013671875,0.341205078125,0.010931640625,0.0401345884413
4.797563,-1.68042675781,-0.693767578125,-0.0006787109375,1.79773046875,-0.0101083984375,0.341412109375,0.010931640625,0.0401345884413
4.807555,-1.68248535156,-0.692223632812,-0.0006787109375,1.79773046875,-0.010521484375,0.341412109375,0.010931640625,0.0401345884413
4.817543,-1.68464648437,-0.690474609375,-0.0008232421875,1.797875,-0.0107275390625,0.341412109375,0.010931640625,0.0401345884413
4.827543,-1.68670410156,-0.688724609375,-0.0008232421875,1.79816308594,-0.0107275390625,0.341412109375,0.010931640625,0.0401345884413
4.837558,-1.68886523437,-0.686872070312,-0.0008232421875,1.79845214844,-0.0107275390625,0.341618164063,0.010931640625,0.0401345884413
4.847554,-1.69092382813,-0.684923828125,-0.000966796875,1.79874121094,-0.010521484375,0.341825195312,0.010931640625,0.0401345884413
4.857554,-1.69298242188,-0.682865234375,-0.001111328125,1.79902929687,-0.010521484375,0.34223828125,0.010931640625,0.0401345884413
4.867592,-1.69513671875,-0.6806015625,-0.001111328125,1.79931835937,-0.010314453125,0.342651367188,0.010931640625,0.0401345884413
4.877551,-1.69729785156,-0.678337890625,-0.001111328125,1.79946289063,-0.0101083984375,0.343284179688,0.010931640625,0.0401345884413
4.887551,-1.69945898438,-0.675970703125,-0.001111328125,1.79960742188,-0.0097080078125,0.343697265625,0.010931640625,0.0401345884413
4.897546,-1.70172265625,-0.6733984375,-0.000966796875,1.79990527344,-0.0097080078125,0.34431640625,0.010931640625,0.0401345884413
4.907540,-1.70408984375,-0.670825195312,-0.0008232421875,1.80004882812,-0.0095009765625,0.344936523437,0.010931640625,0.0401345884413
4.917547,-1.70635351563,-0.668149414062,-0.0006787109375,1.80019335937,-0.0095009765625,0.345762695312,0.010931640625,0.0401345884413
4.927553,-1.7086171875,-0.66537109375,-0.0006787109375,1.80033789063,-0.009294921875,0.3463828125,0.010931640625,0.0401345884413
4.937593,-1.71077832031,-0.662489257813,-0.00053515625,1.80033789063,-0.009087890625,0.347415039062,0.010931640625,0.0401345884413
4.947567,-1.71304296875,-0.659504882812,-0.00053515625,1.80033789063,-0.009294921875,0.348254882812,0.010931640625,0.0401345884413
4.957565,-1.71529980469,-0.656520507813,-0.0006787109375,1.80033789063,-0.009294921875,0.349081054688,0.010931640625,0.0401345884413
4.967547,-1.7174609375,-0.653536132813,-0.0006787109375,1.80033789063,-0.009294921875,0.3503203125,0.010931640625,0.0401345884413
4.977546,-1.71972558594,-0.650552734375,-0.0006787109375,1.80019335937,-0.009294921875,0.351353515625,0.010931640625,0.0401345884413
4.987553,-1.72198925781,-0.64746484375,-0.00053515625,1.80019335937,-0.009294921875,0.3521796875,0.010931640625,0.0401345884413
4.997549,-1.72425292969,-0.644377929687,-0.000390625,1.80004882812,-0.009087890625,0.353638671875,0.010931640625,0.0401345884413
5.007553,-1.72651757812,-0.641290039063,-0.00024609375,1.79975195312,-0.0088818359375,0.354877929687,0.010931640625,0.0401345884413
5.017552,-1.728671875,-0.638203125,-0.0001015625,1.79960742188,-0.0086748046875,0.355911132812,0.010931640625,0.0401345884413
5.027553,-1.73073046875,-0.635012695313,-0.0001015625,1.79931835937,-0.00846875,0.357163085938,0.010931640625,0.0401345884413
5.037509,-1.73278808594,-0.631823242187,4.296875e-05,1.79902929687,-0.00846875,0.358196289063,0.011138671875,0.0401345884413
5.047554,-1.73474316406,-0.6286328125,4.296875e-05,1.79859667969,-0.00826171875,0.359022460938,0.011138671875,0.0401345884413
5.057545,-1.73658984375,-0.62533984375,4.296875e-05,1.79816308594,-0.00826171875,0.36026171875,0.011138671875,0.0401345884413
5.067541,-1.73844140625,-0.622046875,4.296875e-05,1.79773046875,-0.00826171875,0.361087890625,0.011138671875,0.0401345884413
5.077543,-1.74019140625,-0.618856445312,4.296875e-05,1.797296875,-0.00826171875,0.361926757812,0.011138671875,0.0401345884413
5.087546,-1.74194042969,-0.615563476562,0.0001875,1.79656640625,-0.00846875,0.36275390625,0.011138671875,0.0401345884413
5.097553,-1.74358691406,-0.612373046875,0.0001875,1.79598828125,-0.00846875,0.363166992187,0.011138671875,0.0401345884413
5.107553,-1.74513085937,-0.609182617187,0.0001875,1.79541113281,-0.00846875,0.363580078125,0.011138671875,0.0401345884413
5.117551,-1.74657128906,-0.605993164063,0.0001875,1.79468945312,-0.00826171875,0.363993164062,0.011138671875,0.0401345884413
5.127549,-1.74801269531,-0.602802734375,0.0001875,1.79396777344,-0.00826171875,0.363993164062,0.011138671875,0.0401345884413
5.137571,-1.74935058594,-0.599708984375,0.0001875,1.79338085938,-0.00826171875,0.363993164062,0.011138671875,0.0401345884413
5.147553,-1.7506875,-0.596622070313,4.296875e-05,1.79251464844,-0.00826171875,0.36419921875,0.011138671875,0.0401345884413
5.157576,-1.75192285156,-0.593534179687,4.296875e-05,1.7916484375,-0.00826171875,0.363993164062,0.011138671875,0.0401345884413
5.167551,-1.75315820312,-0.590447265625,4.296875e-05,1.7907734375,-0.00826171875,0.363993164062,0.011138671875,0.0401345884413
5.177557,-1.75429003906,-0.587256835937,4.296875e-05,1.78990722656,-0.0080556640625,0.363993164062,0.011138671875,0.0401345884413
5.187548,-1.75552441406,-0.584169921875,4.296875e-05,1.78889648437,-0.0080556640625,0.363993164062,0.010931640625,0.0401345884413
5.197543,-1.756546875,-0.58108203125,4.296875e-05,1.78773242187,-0.0080556640625,0.363786132812,0.010931640625,0.0401345884413
5.207545,-1.7575703125,-0.578098632812,4.296875e-05,1.78657714844,-0.0080556640625,0.363786132812,0.010931640625,0.0401345884413
5.217562,-1.75870214844,-0.574908203125,4.296875e-05,1.78527832031,-0.0080556640625,0.363786132812,0.010931640625,0.0401345884413
5.227557,-1.75973144531,-0.5718203125,4.296875e-05,1.78382519531,-0.0080556640625,0.363580078125,0.010931640625,0.0401345884413
5.237621,-1.76075976563,-0.568733398438,-0.0001015625,1.78238183594,-0.00826171875,0.363373046875,0.010931640625,0.0401345884413
5.247548,-1.76189257813,-0.565749023437,4.296875e-05,1.78092871094,-0.00826171875,0.363373046875,0.010931640625,0.0401345884413
5.257551,-1.76292089844,-0.562764648437,4.296875e-05,1.77948535156,-0.00826171875,0.363373046875,0.010931640625,0.0401345884413
5.267553,-1.76395019531,-0.559883789063,0.0001875,1.77788769531,-0.00826171875,0.363373046875,0.010931640625,0.0401345884413
5.277559,-1.76487597656,-0.556899414062,0.0001875,1.77600195312,-0.0080556640625,0.363373046875,0.010931640625,0.0401345884413
5.287545,-1.76580273438,-0.554017578125,0.0001875,1.77426953125,-0.007861328125,0.363373046875,0.010931640625,0.0401345884413
5.297543,-1.76672851563,-0.551135742188,4.296875e-05,1.77238378906,-0.007861328125,0.363166992187,0.010931640625,0.0401345884413
5.307557,-1.76755175781,-0.548254882813,4.296875e-05,1.77049804688,-0.007861328125,0.363373046875,0.010931640625,0.0401345884413
5.317553,-1.76847851563,-0.545373046875,4.296875e-05,1.7684765625,-0.0080556640625,0.363166992187,0.010931640625,0.0401345884413
5.327554,-1.76930175781,-0.5424921875,4.296875e-05,1.76659082031,-0.0080556640625,0.363166992187,0.010931640625,0.0401345884413
5.337574,-1.77022753906,-0.539610351563,4.296875e-05,1.76456054688,-0.0080556640625,0.363373046875,0.010931640625,0.0401345884413
5.347554,-1.77105078125,-0.53683203125,4.296875e-05,1.7625390625,-0.0080556640625,0.363373046875,0.010931640625,0.0401345884413
5.357550,-1.77187402344,-0.533944335938,-0.0001015625,1.76050878906,-0.007861328125,0.363373046875,0.010931640625,0.0401345884413
5.367546,-1.77269726562,-0.5310625,-0.0001015625,1.75847851563,-0.007861328125,0.363373046875,0.010931640625,0.0401345884413
5.377549,-1.77362402344,-0.528284179687,-0.0001015625,1.75630371094,-0.0080556640625,0.363373046875,0.010931640625,0.0401345884413
5.387540,-1.77444726563,-0.52540234375,-0.00024609375,1.75428222656,-0.00826171875,0.363373046875,0.010931640625,0.0401345884413
5.397542,-1.77537304687,-0.522624023438,-0.00024609375,1.75225195313,-0.00846875,0.363373046875,0.010931640625,0.0401345884413
5.407555,-1.77640234375,-0.519845703125,-0.00024609375,1.75022167969,-0.0086748046875,0.363373046875,0.010931640625,0.0401345884413
5.417572,-1.777328125,-0.517169921875,-0.00024609375,1.74819140625,-0.0088818359375,0.363580078125,0.010931640625,0.0401345884413
5.427576,-1.77835058594,-0.514494140625,-0.0001015625,1.74617089844,-0.0088818359375,0.363786132812,0.010931640625,0.0401345884413
5.437547,-1.77927734375,-0.511818359375,-0.0001015625,1.74428417969,-0.009087890625,0.363786132812,0.010931640625,0.0401345884413
5.447549,-1.78029980469,-0.509142578125,-0.0001015625,1.7423984375,-0.009087890625,0.363786132812,0.010931640625,0.0401345884413
5.457557,-1.78122558594,-0.506672851562,-0.0001015625,1.74052148438,-0.009087890625,0.363580078125,0.010931640625,0.0401345884413
5.467552,-1.78225488281,-0.50409375,-0.0001015625,1.73878027344,-0.009294921875,0.363580078125,0.010931640625,0.0401345884413
5.477547,-1.78328417969,-0.501521484375,-0.00024609375,1.73718359375,-0.009294921875,0.363580078125,0.010931640625,0.0401345884413
5.487551,-1.78420996094,-0.499051757812,-0.0001015625,1.73559472656,-0.009294921875,0.363580078125,0.010931640625,0.0401345884413
5.497596,-1.78523925781,-0.49658203125,-0.0001015625,1.73385351562,-0.009087890625,0.363580078125,0.010931640625,0.0401345884413
5.507553,-1.78626855469,-0.494008789063,4.296875e-05,1.73225585937,-0.009087890625,0.363580078125,0.010931640625,0.0401345884413
5.517548,-1.78719433594,-0.4915390625,4.296875e-05,1.73066796875,-0.0088818359375,0.363580078125,0.010931640625,0.0401345884413
5.527548,-1.78822363281,-0.489069335938,4.296875e-05,1.72921582031,-0.0088818359375,0.363580078125,0.010931640625,0.0401345884413
5.537553,-1.789046875,-0.486599609375,4.296875e-05,1.72762695312,-0.0088818359375,0.363580078125,0.010931640625,0.0401345884413
5.547549,-1.78997363281,-0.484129882813,4.296875e-05,1.72617480469,-0.009087890625,0.363580078125,0.010931640625,0.0401345884413
5.557551,-1.790796875,-0.481762695312,0.0001875,1.72473046875,-0.009087890625,0.363580078125,0.010931640625,0.0401345884413
5.567559,-1.79162011719,-0.479286132812,0.0001875,1.72313378906,-0.009087890625,0.363580078125,0.010931640625,0.0401345884413
5.577552,-1.79233984375,-0.476919921875,4.296875e-05,1.72168066406,-0.0088818359375,0.363580078125,0.010931640625,0.0401345884413
5.587555,-1.79306054688,-0.474552734375,4.296875e-05,1.72009277344,-0.0088818359375,0.363373046875,0.010931640625,0.0401345884413
5.597555,-1.79367773438,-0.472185546875,0.0001875,1.71863964844,-0.009087890625,0.363580078125,0.010931640625,0.0401345884413
5.607555,-1.7943984375,-0.469921875,0.0001875,1.71719628906,-0.009087890625,0.363580078125,0.010931640625,0.0401345884413
5.617545,-1.795015625,-0.46786328125,0.0001875,1.71574316406,-0.009294921875,0.363580078125,0.010931640625,0.0401345884413
5.627595,-1.79553027344,-0.465703125,0.0001875,1.71429980469,-0.009294921875,0.363580078125,0.010931640625,0.0401345884413
5.637541,-1.79604492188,-0.46364453125,0.0001875,1.71299121094,-0.009294921875,0.363580078125,0.010931640625,0.0401345884413
5.647612,-1.79655957031,-0.461689453125,4.296875e-05,1.71169238281,-0.009294921875,0.363580078125,0.010931640625,0.0401345884413
5.657552,-1.79697070312,-0.459734375,4.296875e-05,1.71038378906,-0.009294921875,0.363580078125,0.010931640625,0.0401345884413
5.667561,-1.7973828125,-0.457881835937,0.0001875,1.70922851562,-0.009294921875,0.363580078125,0.010931640625,0.0401345884413
5.677553,-1.79768457031,-0.456029296875,0.0001875,1.70806445312,-0.009087890625,0.363786132812,0.010931640625,0.0401345884413
5.687564,-1.79799414062,-0.454280273437,0.0001875,1.70690917969,-0.009087890625,0.363786132812,0.010931640625,0.0401345884413
5.697552,-1.79819921875,-0.452530273438,0.0001875,1.70574511719,-0.009087890625,0.363786132812,0.010931640625,0.0401345884413
5.707544,-1.79840527344,-0.45078125,0.0001875,1.70473535156,-0.009087890625,0.363580078125,0.010931640625,0.0401345884413
5.717550,-1.79861132813,-0.449134765625,0.0001875,1.70386914062,-0.009087890625,0.363580078125,0.010931640625,0.0401345884413
5.727549,-1.79881738281,-0.447384765625,0.0001875,1.70284863281,-0.009087890625,0.363580078125,0.010931640625,0.0401345884413
5.737546,-1.79901660156,-0.44573828125,0.0001875,1.70198242187,-0.009087890625,0.363580078125,0.010931640625,0.0401345884413
5.747558,-1.79911914063,-0.444091796875,0.0001875,1.70110742187,-0.0088818359375,0.363373046875,0.010931640625,0.0401345884413
5.757557,-1.79922265625,-0.442547851562,0.0001875,1.70024121094,-0.0088818359375,0.363373046875,0.010931640625,0.0401345884413
5.767551,-1.79932519531,-0.440895507812,0.0001875,1.699375,-0.0086748046875,0.363166992187,0.010931640625,0.0401345884413
5.777548,-1.79942773438,-0.4393515625,0.0001875,1.6985,-0.00846875,0.363166992187,0.010931640625,0.0401345884413
5.787563,-1.79953125,-0.437807617187,0.0001875,1.69748925781,-0.00846875,0.362959960937,0.010931640625,0.0401345884413
5.797552,-1.79963378906,-0.436264648438,0.0001875,1.69662304688,-0.00846875,0.362959960937,0.010931640625,0.0401345884413
5.807574,-1.79973632813,-0.434823242188,0.0001875,1.69560351563,-0.00826171875,0.362959960937,0.010931640625,0.0401345884413
5.817544,-1.79983984375,-0.433280273437,0.0001875,1.69459277344,-0.00826171875,0.362959960937,0.010931640625,0.0401345884413
5.827523,-1.79994238281,-0.431838867187,0.0001875,1.69342871094,-0.00826171875,0.362959960937,0.010931640625,0.0401345884413
5.837552,-1.79994238281,-0.4303984375,4.296875e-05,1.6922734375,-0.00846875,0.362959960937,0.010931640625,0.0401345884413
5.847562,-1.79994238281,-0.428958007812,4.296875e-05,1.69111816406,-0.0086748046875,0.362959960937,0.010931640625,0.0401345884413
5.857553,-1.80004589844,-0.427620117187,-0.0001015625,1.69009863281,-0.0088818359375,0.362959960937,0.010931640625,0.0401345884413
5.867544,-1.80004589844,-0.426282226562,-0.0001015625,1.68894433594,-0.0088818359375,0.362959960937,0.010931640625,0.0401345884413
5.877549,-1.8001484375,-0.425046875,4.296875e-05,1.68792382812,-0.0088818359375,0.362959960937,0.010931640625,0.0401345884413
5.887550,-1.80035449219,-0.4238125,4.296875e-05,1.68676953125,-0.0086748046875,0.362959960937,0.010931640625,0.0401345884413
5.897558,-1.80045703125,-0.422577148437,0.0001875,1.68575,-0.0086748046875,0.362959960937,0.010931640625,0.0401345884413
5.907551,-1.80055957031,-0.4214453125,0.0001875,1.68459472656,-0.0086748046875,0.36275390625,0.010931640625,0.0401345884413
5.917547,-1.80066308594,-0.4202109375,4.296875e-05,1.68357519531,-0.0086748046875,0.36275390625,0.010931640625,0.0401345884413
5.927542,-1.80086914062,-0.419079101563,4.296875e-05,1.68241992188,-0.0086748046875,0.36275390625,0.010931640625,0.0401345884413
5.937542,-1.80097167969,-0.418049804688,4.296875e-05,1.68140917969,-0.0086748046875,0.36275390625,0.010931640625,0.0401345884413
5.947547,-1.80117773437,-0.416911132812,-0.0001015625,1.68038964844,-0.0088818359375,0.362546875,0.010931640625,0.0401345884413
5.957553,-1.8013828125,-0.415881835937,-0.0001015625,1.6795234375,-0.0088818359375,0.362546875,0.010931640625,0.0401345884413
5.967554,-1.80158886719,-0.414852539063,-0.0001015625,1.67850390625,-0.009087890625,0.36233984375,0.010931640625,0.0401345884413
5.977562,-1.80179492188,-0.41382421875,-0.0001015625,1.67763769531,-0.009087890625,0.361926757812,0.010931640625,0.0401345884413
5.987553,-1.80200097656,-0.41269140625,-0.0001015625,1.67677148437,-0.009087890625,0.361720703125,0.010931640625,0.0401345884413
5.997542,-1.80230957031,-0.411559570313,-0.0001015625,1.67604003906,-0.0088818359375,0.361720703125,0.010931640625,0.0401345884413
6.007552,-1.80261816406,-0.410421875,-0.0001015625,1.67517382812,-0.0088818359375,0.361294921875,0.010931640625,0.0401345884413
6.017547,-1.80292675781,-0.4092890625,-0.0001015625,1.67445214844,-0.0088818359375,0.360881835938,0.010931640625,0.0401345884413
6.027541,-1.80323535156,-0.408157226562,-0.0001015625,1.67372167969,-0.0088818359375,0.360674804688,0.010931640625,0.0401345884413
6.037552,-1.80354394531,-0.406922851563,-0.0001015625,1.67314355469,-0.0088818359375,0.360467773438,0.010931640625,0.0401345884413
6.047546,-1.80395605469,-0.4056875,-0.0001015625,1.67256640625,-0.0088818359375,0.3600546875,0.010931640625,0.0401345884413
6.057550,-1.80426464844,-0.404453125,-0.0001015625,1.67198925781,-0.0088818359375,0.359848632813,0.010931640625,0.0401345884413
6.067595,-1.80457324219,-0.403115234375,-0.0001015625,1.67141113281,-0.0088818359375,0.359435546875,0.010931640625,0.0401345884413
6.077555,-1.80498535156,-0.40177734375,-0.0001015625,1.67082519531,-0.0088818359375,0.358815429688,0.010931640625,0.0401345884413
6.087560,-1.80539648438,-0.400439453125,4.296875e-05,1.67024707031,-0.0088818359375,0.358815429688,0.010931640625,0.0401345884413
6.097546,-1.80570507812,-0.3991015625,4.296875e-05,1.66981445313,-0.0088818359375,0.358196289063,0.010931640625,0.0401345884413
6.107556,-1.8061171875,-0.397763671875,4.296875e-05,1.66923632813,-0.0088818359375,0.357783203125,0.010931640625,0.0401345884413
6.117543,-1.80642578125,-0.396323242187,4.296875e-05,1.66879492188,-0.0088818359375,0.357369140625,0.010931640625,0.0401345884413
6.127547,-1.80683789062,-0.394881835937,4.296875e-05,1.66836132813,-0.0086748046875,0.356943359375,0.010931640625,0.0401345884413
6.137553,-1.80714648438,-0.39344140625,4.296875e-05,1.66792871094,-0.0086748046875,0.35632421875,0.010931640625,0.0401345884413
6.147542,-1.80745507813,-0.392000976562,4.296875e-05,1.66735058594,-0.0088818359375,0.3561171875,0.010931640625,0.0401345884413
6.157542,-1.80786621094,-0.39045703125,-0.0001015625,1.66691796875,-0.0088818359375,0.355704101562,0.010931640625,0.0401345884413
6.167554,-1.80817480469,-0.389016601563,4.296875e-05,1.66647558594,-0.0088818359375,0.355083984375,0.010931640625,0.0401345884413
6.177551,-1.808484375,-0.387576171875,4.296875e-05,1.66604296875,-0.0088818359375,0.354670898437,0.010931640625,0.0401345884413
6.187554,-1.80889550781,-0.386134765625,4.296875e-05,1.66546484375,-0.0088818359375,0.354051757812,0.010931640625,0.0401345884413
6.197567,-1.80920410156,-0.384694335938,4.296875e-05,1.66488769531,-0.0086748046875,0.353431640625,0.010931640625,0.0401345884413
6.207544,-1.80961621094,-0.383247070312,4.296875e-05,1.66445410156,-0.0086748046875,0.353018554687,0.010931640625,0.0401345884413
6.217545,-1.80992480469,-0.381806640625,0.0001875,1.66386816406,-0.0086748046875,0.3521796875,0.010931640625,0.0401345884413
6.227545,-1.81023339844,-0.380365234375,0.0001875,1.66314550781,-0.0086748046875,0.351559570313,0.010931640625,0.0401345884413
6.237557,-1.81064550781,-0.379028320312,0.0001875,1.66242382812,-0.0086748046875,0.350939453125,0.010931640625,0.0401345884413
6.247565,-1.81085058594,-0.37779296875,0.0003310546875,1.66184667969,-0.0086748046875,0.3503203125,0.010931640625,0.0401345884413
6.257554,-1.81115917969,-0.376455078125,0.0003310546875,1.66111523437,-0.0086748046875,0.349494140625,0.010931640625,0.0401345884413
6.267552,-1.81146875,-0.375220703125,0.0003310546875,1.66039355469,-0.0086748046875,0.348874023438,0.010931640625,0.0401345884413
6.277549,-1.81167382812,-0.373985351563,0.0003310546875,1.659671875,-0.0086748046875,0.347840820313,0.010931640625,0.0401345884413
6.287548,-1.81187988281,-0.372853515625,0.0001875,1.65894140625,-0.0086748046875,0.347001953125,0.010931640625,0.0401345884413
6.297556,-1.8120859375,-0.371721679687,0.0001875,1.65821875,-0.0086748046875,0.34617578125,0.010931640625,0.0401345884413
6.307546,-1.81229199219,-0.370692382812,0.0001875,1.65749707031,-0.0086748046875,0.345349609375,0.010931640625,0.0401345884413
6.317551,-1.81249707031,-0.369663085938,0.0001875,1.65676660156,-0.0086748046875,0.3445234375,0.010931640625,0.0401345884413
6.327575,-1.81260058594,-0.368633789062,0.0001875,1.65604492187,-0.0088818359375,0.343697265625,0.010931640625,0.0401345884413
6.337551,-1.81280566406,-0.36760546875,0.0001875,1.65532226562,-0.0088818359375,0.342651367188,0.010931640625,0.0401345884413
6.347559,-1.81301171875,-0.366576171875,0.0001875,1.65474511719,-0.009087890625,0.341618164063,0.010931640625,0.0401345884413
6.357551,-1.81311523438,-0.365546875,0.0001875,1.65401464844,-0.009087890625,0.340584960938,0.010931640625,0.0401345884413
6.367557,-1.81321777344,-0.364517578125,0.0001875,1.65343652344,-0.009087890625,0.339345703125,0.010931640625,0.0401345884413
6.377547,-1.81342382812,-0.363591796875,0.0001875,1.652859375,-0.009087890625,0.33809375,0.010931640625,0.0401345884413
6.387544,-1.81362304688,-0.3625625,0.0001875,1.65228222656,-0.009087890625,0.336647460937,0.010931640625,0.0401345884413
6.397543,-1.81372558594,-0.361430664063,4.296875e-05,1.6516953125,-0.0088818359375,0.335201171875,0.010931640625,0.0401345884413
6.407552,-1.81382910156,-0.360401367187,4.296875e-05,1.65111816406,-0.0088818359375,0.3337421875,0.010931640625,0.0401345884413
6.417540,-1.81393164062,-0.359366210937,4.296875e-05,1.65068457031,-0.0088818359375,0.33208984375,0.010931640625,0.0401345884413
6.427546,-1.81413769531,-0.358336914063,4.296875e-05,1.65010742188,-0.0088818359375,0.3304375,0.010931640625,0.0401345884413
6.437557,-1.81424023437,-0.357205078125,4.296875e-05,1.64966503906,-0.0088818359375,0.328565429688,0.010931640625,0.0401345884413
6.447545,-1.81434375,-0.356073242188,4.296875e-05,1.64923144531,-0.009087890625,0.326706054688,0.010931640625,0.0401345884413
6.457545,-1.81454882812,-0.354940429688,4.296875e-05,1.64879882812,-0.0088818359375,0.325041015625,0.010931640625,0.0401345884413
6.467568,-1.81465234375,-0.35380859375,0.0001875,1.64836523437,-0.0088818359375,0.323181640625,0.010931640625,0.0401345884413
6.477552,-1.81485742187,-0.352676757813,0.0001875,1.64807714844,-0.0088818359375,0.321102539063,0.010931640625,0.0401345884413
6.487554,-1.8149609375,-0.351442382813,0.0001875,1.64764355469,-0.0088818359375,0.319037109375,0.010931640625,0.0401345884413
6.497563,-1.81506347656,-0.350309570312,0.0001875,1.64720117187,-0.0088818359375,0.316751953125,0.010931640625,0.0401345884413
6.507544,-1.81516699219,-0.349075195312,0.0001875,1.64691308594,-0.0088818359375,0.31406640625,0.010931640625,0.0401345884413
6.517542,-1.81526953125,-0.347943359375,0.0001875,1.64662402344,-0.0088818359375,0.311987304688,0.010931640625,0.0401345884413
6.527544,-1.81537207031,-0.346708007812,0.0001875,1.64633496094,-0.0088818359375,0.309508789063,0.010931640625,0.0401345884413
6.537562,-1.81547558594,-0.345576171875,0.0001875,1.646046875,-0.0088818359375,0.307016601562,0.010931640625,0.0401345884413
6.547523,-1.815578125,-0.344340820313,0.0001875,1.64561328125,-0.0086748046875,0.304744140625,0.010931640625,0.0401345884413
6.557505,-1.815578125,-0.343208984375,0.0001875,1.64532519531,-0.0086748046875,0.302252929688,0.010931640625,0.0401345884413
6.567554,-1.81568066406,-0.341974609375,4.296875e-05,1.64518066406,-0.0086748046875,0.299967773437,0.010931640625,0.0401345884413
6.577545,-1.81568066406,-0.340842773438,4.296875e-05,1.6448828125,-0.0086748046875,0.297901367187,0.010931640625,0.0401345884413
6.587560,-1.81578417969,-0.339607421875,0.0001875,1.64473828125,-0.0086748046875,0.29541015625,0.010931640625,0.0401345884413
6.597554,-1.81588671875,-0.338475585937,0.0003310546875,1.64459375,-0.0086748046875,0.292930664063,0.010931640625,0.0401345884413
6.607553,-1.81588671875,-0.337336914062,0.0003310546875,1.6443046875,-0.0086748046875,0.290645507812,0.010931640625,0.0401345884413
6.617562,-1.81599023438,-0.336205078125,0.0003310546875,1.64416113281,-0.0086748046875,0.288373046875,0.010931640625,0.0401345884413
6.627563,-1.81599023438,-0.33506640625,0.0003310546875,1.64416113281,-0.0086748046875,0.285674804688,0.010931640625,0.0401345884413
6.637556,-1.81599023438,-0.333934570313,0.0003310546875,1.64401660156,-0.0086748046875,0.283802734375,0.010931640625,0.0401345884413
6.647543,-1.81599023438,-0.333008789062,0.0003310546875,1.64387207031,-0.0086748046875,0.281737304688,0.010931640625,0.0401345884413
6.657552,-1.81588671875,-0.33208203125,0.0003310546875,1.64387207031,-0.0086748046875,0.279658203125,0.010931640625,0.0401345884413
6.667546,-1.81588671875,-0.33115625,0.0003310546875,1.64387207031,-0.0088818359375,0.277592773437,0.010931640625,0.0401345884413
6.677560,-1.81588671875,-0.330333007813,0.0004755859375,1.64401660156,-0.0088818359375,0.275927734375,0.010931640625,0.0401345884413
6.687548,-1.81588671875,-0.329509765625,0.0004755859375,1.64401660156,-0.0088818359375,0.273861328125,0.010931640625,0.0401345884413
6.697552,-1.81588671875,-0.3287890625,0.0004755859375,1.64416113281,-0.0088818359375,0.271989257812,0.010931640625,0.0401345884413
6.707544,-1.81578417969,-0.328069335937,0.0004755859375,1.64416113281,-0.0088818359375,0.270336914062,0.010931640625,0.0401345884413
6.717541,-1.81578417969,-0.327451171875,0.0004755859375,1.64416113281,-0.0088818359375,0.268477539062,0.010931640625,0.0401345884413
6.727559,-1.81578417969,-0.326833984375,0.0004755859375,1.64416113281,-0.0086748046875,0.267018554688,0.010931640625,0.0401345884413
6.737542,-1.81578417969,-0.326319335938,0.0004755859375,1.64416113281,-0.0086748046875,0.265779296875,0.010931640625,0.0401345884413
6.747555,-1.81578417969,-0.325908203125,0.0004755859375,1.6443046875,-0.0086748046875,0.264540039063,0.010931640625,0.0401345884413
6.757556,-1.81578417969,-0.32549609375,0.0004755859375,1.6443046875,-0.0088818359375,0.263701171875,0.010931640625,0.0401345884413
6.767546,-1.81578417969,-0.325084960938,0.0004755859375,1.6443046875,-0.0088818359375,0.262874023437,0.010931640625,0.0401345884413
6.777551,-1.81578417969,-0.324775390625,0.0004755859375,1.6443046875,-0.0088818359375,0.262254882812,0.010931640625,0.0401345884413
6.787553,-1.81578417969,-0.324364257813,0.0003310546875,1.6443046875,-0.0088818359375,0.261841796875,0.010931640625,0.0401345884413
6.797552,-1.81578417969,-0.324158203125,0.0003310546875,1.6443046875,-0.0088818359375,0.261428710937,0.010931640625,0.0401345884413
6.807553,-1.81578417969,-0.323952148437,0.0003310546875,1.64444921875,-0.0088818359375,0.261428710937,0.010931640625,0.0401345884413
6.817552,-1.81578417969,-0.323747070312,0.0003310546875,1.64444921875,-0.0088818359375,0.261428710937,0.010931640625,0.0401345884413
6.827569,-1.81588671875,-0.323643554688,0.0003310546875,1.64459375,-0.0088818359375,0.261428710937,0.010931640625,0.0401345884413
6.837557,-1.81588671875,-0.323541015625,0.0003310546875,1.64473828125,-0.0088818359375,0.261634765625,0.010931640625,0.0401345884413
6.847545,-1.81588671875,-0.3234375,0.0001875,1.6448828125,-0.009087890625,0.261841796875,0.010931640625,0.0401345884413
6.857544,-1.81588671875,-0.323334960938,0.0001875,1.6448828125,-0.009087890625,0.261841796875,0.010931640625,0.0401345884413
6.867566,-1.81588671875,-0.323232421875,0.0001875,1.64502734375,-0.009087890625,0.262047851562,0.010931640625,0.0401345884413
6.877569,-1.81588671875,-0.323026367187,0.0001875,1.64518066406,-0.009087890625,0.262047851562,0.010931640625,0.0401345884413
6.887552,-1.81588671875,-0.323026367187,4.296875e-05,1.64532519531,-0.009087890625,0.262047851562,0.010931640625,0.0401345884413
6.897567,-1.81588671875,-0.322923828125,4.296875e-05,1.64546875,-0.009087890625,0.262047851562,0.010931640625,0.0401345884413
6.907545,-1.81599023438,-0.322717773438,4.296875e-05,1.64546875,-0.009087890625,0.262047851562,0.010931640625,0.0401345884413
6.917562,-1.81599023438,-0.322614257813,4.296875e-05,1.64561328125,-0.009087890625,0.262047851562,0.010931640625,0.0401345884413
6.927607,-1.81599023438,-0.32251171875,4.296875e-05,1.6457578125,-0.009087890625,0.262047851562,0.010931640625,0.0401345884413
6.937563,-1.81599023438,-0.322409179687,4.296875e-05,1.64590234375,-0.009087890625,0.262047851562,0.010931640625,0.0401345884413
6.947559,-1.81609277344,-0.322305664062,-0.0001015625,1.646046875,-0.009087890625,0.262047851562,0.010931640625,0.0401345884413
6.957547,-1.81609277344,-0.322100585938,-0.0001015625,1.64619140625,-0.009087890625,0.262047851562,0.010931640625,0.0401345884413
6.967543,-1.8161953125,-0.321997070313,-0.0001015625,1.64633496094,-0.009294921875,0.262047851562,0.010931640625,0.0401345884413
6.977549,-1.8161953125,-0.321791015625,-0.0001015625,1.64647949219,-0.009294921875,0.262047851562,0.010931640625,0.0401345884413
6.987555,-1.81629882813,-0.321688476562,-0.0001015625,1.64662402344,-0.009294921875,0.262047851562,0.010931640625,0.0401345884413
6.997551,-1.81629882813,-0.321482421875,-0.0001015625,1.64676855469,-0.009087890625,0.262047851562,0.010931640625,0.0401345884413
7.007546,-1.81640136719,-0.32127734375,-0.0001015625,1.64691308594,-0.009087890625,0.262047851562,0.010931640625,0.0401345884413
7.017564,-1.81640136719,-0.321071289062,-0.0001015625,1.64705761719,-0.009087890625,0.262047851562,0.010931640625,0.0401345884413
7.027550,-1.81640136719,-0.320865234375,-0.0001015625,1.64720117187,-0.009087890625,0.261841796875,0.010931640625,0.0401345884413
7.037544,-1.81640136719,-0.320762695313,-0.0001015625,1.64734570313,-0.009087890625,0.261841796875,0.010931640625,0.0401345884413
7.047555,-1.81650488281,-0.320659179688,4.296875e-05,1.64749902344,-0.009087890625,0.261634765625,0.010931640625,0.0401345884413
7.057608,-1.81650488281,-0.320556640625,4.296875e-05,1.64778808594,-0.009087890625,0.261634765625,0.010931640625,0.0401345884413
7.067555,-1.81660742187,-0.320556640625,0.0001875,1.64778808594,-0.009087890625,0.261634765625,0.010931640625,0.0401345884413
7.077544,-1.81660742187,-0.320556640625,0.0001875,1.64793261719,-0.0088818359375,0.261634765625,0.010931640625,0.0401345884413
7.087507,-1.81660742187,-0.320556640625,0.0001875,1.64793261719,-0.0088818359375,0.261634765625,0.010931640625,0.0401345884413
7.097549,-1.81660742187,-0.320556640625,4.296875e-05,1.64793261719,-0.0088818359375,0.261634765625,0.010931640625,0.0401345884413
7.107546,-1.81670996094,-0.320556640625,4.296875e-05,1.64793261719,-0.0088818359375,0.261634765625,0.010931640625,0.0401345884413
7.117552,-1.81670996094,-0.320556640625,4.296875e-05,1.64793261719,-0.0088818359375,0.261634765625,0.010931640625,0.0401345884413
7.127553,-1.81670996094,-0.320659179688,4.296875e-05,1.64793261719,-0.0088818359375,0.261634765625,0.010931640625,0.0401345884413
7.137549,-1.81670996094,-0.320659179688,4.296875e-05,1.64793261719,-0.0088818359375,0.261634765625,0.010931640625,0.0401345884413
7.147555,-1.81670996094,-0.320556640625,4.296875e-05,1.64793261719,-0.0088818359375,0.261634765625,0.010931640625,0.0401345884413
7.157511,-1.81670996094,-0.320556640625,4.296875e-05,1.64793261719,-0.0088818359375,0.261634765625,0.010931640625,0.0401345884413
7.167544,-1.81670996094,-0.320556640625,4.296875e-05,1.64793261719,-0.0088818359375,0.261634765625,0.010931640625,0.0401345884413
7.177542,-1.81670996094,-0.320556640625,4.296875e-05,1.64793261719,-0.0088818359375,0.261634765625,0.010931640625,0.0401345884413
7.187551,-1.81670996094,-0.320556640625,4.296875e-05,1.64793261719,-0.0088818359375,0.261634765625,0.010931640625,0.0401345884413
7.197557,-1.81670996094,-0.320556640625,4.296875e-05,1.64793261719,-0.0088818359375,0.261634765625,0.010931640625,0.0401345884413
7.207546,-1.81670996094,-0.320556640625,4.296875e-05,1.64793261719,-0.0088818359375,0.261634765625,0.010931640625,0.0401345884413
7.217544,-1.81670996094,-0.320556640625,4.296875e-05,1.64793261719,-0.0088818359375,0.261634765625,0.010931640625,0.0401345884413
7.227571,-1.81670996094,-0.320556640625,4.296875e-05,1.64793261719,-0.0088818359375,0.261634765625,0.010931640625,0.0401345884413
7.237545,-1.81670996094,-0.320556640625,4.296875e-05,1.64793261719,-0.0088818359375,0.261634765625,0.010931640625,0.0401345884413
7.247544,-1.81670996094,-0.320556640625,4.296875e-05,1.64793261719,-0.0088818359375,0.261634765625,0.010931640625,0.0401345884413
7.257563,-1.81670996094,-0.320556640625,4.296875e-05,1.64807714844,-0.0088818359375,0.261634765625,0.010931640625,0.0401345884413
7.267552,-1.81670996094,-0.320556640625,4.296875e-05,1.64807714844,-0.0088818359375,0.261634765625,0.010931640625,0.0401345884413
7.277544,-1.81670996094,-0.320556640625,4.296875e-05,1.64807714844,-0.0088818359375,0.261634765625,0.010931640625,0.0401345884413
7.287549,-1.81670996094,-0.320556640625,4.296875e-05,1.64807714844,-0.0088818359375,0.261634765625,0.010931640625,0.0401345884413
7.297554,-1.81670996094,-0.320556640625,4.296875e-05,1.64807714844,-0.0088818359375,0.261634765625,0.010931640625,0.0401345884413
7.307543,-1.81670996094,-0.320556640625,4.296875e-05,1.64822167969,-0.0088818359375,0.261634765625,0.010931640625,0.0401345884413
7.317547,-1.81670996094,-0.320556640625,4.296875e-05,1.64822167969,-0.0088818359375,0.261428710937,0.010931640625,0.0401345884413
7.327543,-1.81670996094,-0.320556640625,4.296875e-05,1.64822167969,-0.0088818359375,0.261428710937,0.010931640625,0.0401345884413
7.337543,-1.81670996094,-0.320556640625,4.296875e-05,1.64836523437,-0.0088818359375,0.261428710937,0.010931640625,0.0401345884413
7.347546,-1.81681347656,-0.320556640625,4.296875e-05,1.64836523437,-0.0088818359375,0.261428710937,0.010931640625,0.0401345884413
7.357553,-1.81681347656,-0.320556640625,4.296875e-05,1.64836523437,-0.0088818359375,0.261428710937,0.010931640625,0.0401345884413
7.367557,-1.81681347656,-0.320556640625,4.296875e-05,1.64850976563,-0.0088818359375,0.261428710937,0.010931640625,0.0401345884413
7.377547,-1.81681347656,-0.320556640625,4.296875e-05,1.64850976563,-0.0088818359375,0.261428710937,0.010931640625,0.0401345884413
7.387556,-1.81681347656,-0.320556640625,4.296875e-05,1.64850976563,-0.0088818359375,0.261428710937,0.010931640625,0.0401345884413
7.397555,-1.81691601562,-0.320556640625,4.296875e-05,1.64836523437,-0.0088818359375,0.261428710937,0.010931640625,0.0401345884413
7.407575,-1.81691601562,-0.320556640625,4.296875e-05,1.64836523437,-0.0088818359375,0.261428710937,0.010931640625,0.0401345884413
7.417562,-1.81691601562,-0.320556640625,4.296875e-05,1.64836523437,-0.0086748046875,0.261428710937,0.010931640625,0.0401345884413
7.427552,-1.81701855469,-0.320556640625,4.296875e-05,1.64836523437,-0.0086748046875,0.261428710937,0.010931640625,0.0401345884413
7.437553,-1.81701855469,-0.320556640625,4.296875e-05,1.64836523437,-0.0086748046875,0.261428710937,0.010931640625,0.0401345884413
7.447610,-1.81701855469,-0.320556640625,4.296875e-05,1.64836523437,-0.0086748046875,0.261428710937,0.010931640625,0.0401345884413
7.457576,-1.81701855469,-0.320556640625,4.296875e-05,1.64836523437,-0.0086748046875,0.261428710937,0.010931640625,0.0401345884413
7.467561,-1.81701855469,-0.320556640625,4.296875e-05,1.64836523437,-0.0086748046875,0.261428710937,0.010931640625,0.0401345884413
7.477568,-1.81701855469,-0.320556640625,4.296875e-05,1.64836523437,-0.0086748046875,0.261428710937,0.010931640625,0.0401345884413
7.487558,-1.81712207031,-0.320556640625,4.296875e-05,1.64836523437,-0.0086748046875,0.261428710937,0.010931640625,0.0401345884413
7.497545,-1.81712207031,-0.320556640625,4.296875e-05,1.64836523437,-0.0086748046875,0.261428710937,0.010931640625,0.0401345884413
7.507551,-1.81712207031,-0.320556640625,4.296875e-05,1.64836523437,-0.0086748046875,0.261428710937,0.010931640625,0.0401345884413
7.517551,-1.81712207031,-0.320556640625,4.296875e-05,1.64836523437,-0.0086748046875,0.261428710937,0.010931640625,0.0401345884413
7.527550,-1.81712207031,-0.320556640625,4.296875e-05,1.64836523437,-0.00846875,0.261428710937,0.010931640625,0.0401345884413
7.537534,-1.81712207031,-0.320556640625,4.296875e-05,1.64836523437,-0.00846875,0.261428710937,0.010931640625,0.0401345884413
7.547585,-1.81712207031,-0.320556640625,4.296875e-05,1.64836523437,-0.00846875,0.261428710937,0.010931640625,0.0401345884413
7.557551,-1.81712207031,-0.320556640625,4.296875e-05,1.64836523437,-0.00846875,0.261428710937,0.010931640625,0.0401345884413
7.567576,-1.81712207031,-0.320556640625,4.296875e-05,1.64836523437,-0.00846875,0.261428710937,0.010931640625,0.0401345884413
7.577547,-1.81712207031,-0.320556640625,4.296875e-05,1.64836523437,-0.0086748046875,0.261428710937,0.010931640625,0.0401345884413
7.587545,-1.81712207031,-0.320556640625,4.296875e-05,1.64836523437,-0.0086748046875,0.261221679687,0.010931640625,0.0401345884413
7.597551,-1.81712207031,-0.320556640625,4.296875e-05,1.64836523437,-0.0086748046875,0.261221679687,0.010931640625,0.0401345884413
7.607552,-1.81712207031,-0.320556640625,4.296875e-05,1.64836523437,-0.0086748046875,0.261221679687,0.010931640625,0.0401345884413
7.617556,-1.81712207031,-0.320556640625,4.296875e-05,1.64836523437,-0.0086748046875,0.261221679687,0.010931640625,0.0401345884413
7.627544,-1.81712207031,-0.320556640625,4.296875e-05,1.64836523437,-0.0086748046875,0.261221679687,0.010931640625,0.0401345884413
7.637555,-1.81712207031,-0.320556640625,4.296875e-05,1.64836523437,-0.0086748046875,0.261221679687,0.010931640625,0.0401345884413
7.647558,-1.81712207031,-0.320556640625,4.296875e-05,1.64836523437,-0.0086748046875,0.261221679687,0.010931640625,0.0401345884413
7.657560,-1.81712207031,-0.320556640625,4.296875e-05,1.64836523437,-0.0086748046875,0.261221679687,0.010931640625,0.0401345884413
7.667546,-1.81712207031,-0.320556640625,4.296875e-05,1.64836523437,-0.0086748046875,0.261221679687,0.010931640625,0.0401345884413
7.677550,-1.81712207031,-0.320556640625,4.296875e-05,1.64836523437,-0.0086748046875,0.261221679687,0.010931640625,0.0401345884413
7.687545,-1.81712207031,-0.320556640625,4.296875e-05,1.64836523437,-0.0086748046875,0.261221679687,0.010931640625,0.0401345884413
7.697558,-1.81712207031,-0.320556640625,4.296875e-05,1.64836523437,-0.0088818359375,0.261221679687,0.010931640625,0.0401345884413
7.707546,-1.81712207031,-0.320556640625,4.296875e-05,1.64836523437,-0.0088818359375,0.261221679687,0.010931640625,0.0401345884413
7.717582,-1.81712207031,-0.320556640625,4.296875e-05,1.64836523437,-0.0088818359375,0.261221679687,0.010931640625,0.0401345884413
7.727555,-1.81712207031,-0.320556640625,4.296875e-05,1.64836523437,-0.0088818359375,0.261221679687,0.010931640625,0.0401345884413
7.737553,-1.81712207031,-0.320556640625,4.296875e-05,1.64836523437,-0.0088818359375,0.261221679687,0.010931640625,0.0401345884413
7.747550,-1.81712207031,-0.320556640625,4.296875e-05,1.64850976563,-0.0088818359375,0.261221679687,0.010931640625,0.0401345884413
7.757549,-1.81712207031,-0.320556640625,4.296875e-05,1.64850976563,-0.0088818359375,0.261221679687,0.010931640625,0.0401345884413
7.767543,-1.81712207031,-0.320556640625,4.296875e-05,1.64850976563,-0.0088818359375,0.261221679687,0.010931640625,0.0401345884413
7.777557,-1.81712207031,-0.320556640625,4.296875e-05,1.64850976563,-0.0088818359375,0.261221679687,0.010931640625,0.0401345884413
7.787553,-1.81712207031,-0.320556640625,4.296875e-05,1.64850976563,-0.0086748046875,0.261221679687,0.010931640625,0.0401345884413
7.797557,-1.81712207031,-0.320556640625,4.296875e-05,1.64850976563,-0.0086748046875,0.261221679687,0.010931640625,0.0401345884413
7.807556,-1.81712207031,-0.320556640625,4.296875e-05,1.64850976563,-0.0086748046875,0.261221679687,0.010931640625,0.0401345884413
